0.00;25.4909
0.02;25.6454
0.12;25.8000
0.22;26.5708
0.32;27.3432
0.34;28.1199
0.44;28.2667
0.46;29.0447
0.47;29.1945
0.49;29.3223
0.52;29.4636
0.53;29.6518
0.56;29.7635
0.60;29.9760
0.63;30.2940
0.68;30.5583
0.72;30.9447
0.73;31.2071
0.76;31.3253
0.80;31.5867
0.81;31.8528
0.83;31.9754
0.85;32.1044
0.87;32.2321
0.90;32.3976
0.93;32.6104
0.96;32.8871
1.02;33.1500
1.05;33.5493
1.07;33.8149
1.08;33.9398
1.10;34.0729
1.12;34.1775
1.17;34.3768
1.18;34.7253
1.20;34.8461
1.25;35.0284
1.27;35.3832
1.29;35.5318
1.33;35.6870
1.35;36.0367
1.38;36.1776
1.42;36.3789
1.43;36.6858
1.45;36.8251
1.50;36.9983
1.51;37.3432
1.54;37.4675
1.58;37.6882
1.60;37.9989
1.63;38.1448
1.67;38.3546
1.68;38.6534
1.71;38.8044
1.75;38.9726
1.77;39.3137
1.79;39.4658
1.83;39.6227
1.85;39.9708
1.87;40.0953
1.92;40.2785
1.93;40.6269
1.95;40.7515
2.00;40.9345
2.01;41.2876
2.04;41.4096
2.08;41.5780
2.10;41.9469
2.15;42.1059
2.18;42.4705
2.22;42.7312
2.24;43.0211
2.25;43.1672
2.27;43.2735
2.28;43.4191
2.32;43.5372
2.35;43.7915
2.38;44.0675
2.43;44.3031
2.47;44.7078
2.48;44.9759
2.50;45.1193
2.51;45.2253
2.53;45.3581
2.56;45.5137
2.60;45.7282
2.63;46.0216
2.68;46.2917
2.72;46.5019
2.74;46.8038
2.76;46.9112
2.78;47.1410
2.80;47.2883
2.81;47.3873
2.84;47.5241
2.87;47.7052
2.90;47.9184
2.94;48.1917
2.98;48.4754
3.02;48.8189
3.05;49.0824
3.07;49.3453
3.10;49.4926
3.13;49.7241
3.15;49.9887
3.18;50.1063
3.22;50.3726
3.23;50.6365
3.24;50.7578
3.26;50.8629
3.28;51.0163
3.31;51.1660
3.35;51.3592
3.37;51.6673
3.39;51.8224
3.43;52.0054
3.47;52.3151
3.52;52.5797
3.54;52.9706
3.56;53.1225
3.60;53.3503
3.61;53.6141
3.63;53.7185
3.65;53.8690
3.67;53.9937
3.69;54.1437
3.74;54.3521
3.77;54.6914
3.82;54.9148
3.85;55.3088
3.87;55.5715
3.88;55.6946
3.90;55.8087
3.92;55.9514
3.94;56.0997
3.98;56.2956
4.02;56.6039
4.07;56.8723
4.10;57.2645
4.11;57.5308
4.15;57.6444
4.18;57.9092
4.20;58.1768
4.23;58.3150
4.27;58.5604
4.28;58.8221
4.30;58.9688
4.32;59.0739
4.33;59.2182
4.36;59.3667
4.40;59.5679
4.44;59.8629
4.48;60.1550
4.52;60.5224
4.53;60.7887
4.54;60.9081
4.56;61.0135
4.58;61.1697
4.61;61.3003
4.66;61.5141
4.68;61.9066
4.70;62.0917
4.73;62.2008
4.77;62.4772
4.82;62.7426
4.85;63.1385
4.87;63.4191
4.90;63.5370
4.92;63.7887
4.93;63.9380
4.95;64.0396
4.97;64.1866
5.00;64.3575
5.03;64.5776
5.07;64.8311
5.11;65.1691
5.15;65.4890
5.16;65.7556
5.18;65.8801
5.20;65.9851
5.23;66.1415
5.29;66.4107
5.30;66.8403
5.31;66.9468
5.33;67.0637
5.36;67.2083
5.40;67.4192
5.43;67.7203
5.49;67.9857
5.52;68.4024
5.53;68.6458
5.55;68.7893
5.57;68.8962
5.58;69.0422
5.61;69.1805
5.65;69.3714
5.68;69.6862
5.73;69.9568
5.75;70.3493
5.78;70.4952
5.82;70.7640
5.83;71.0037
5.85;71.1305
5.86;71.2539
5.88;71.3894
5.91;71.5411
5.95;71.7461
5.98;72.0513
6.03;72.3194
6.07;72.7168
6.08;72.9851
6.10;73.1011
6.11;73.2426
6.13;73.3621
6.16;73.5008
6.20;73.7145
6.23;74.0667
6.28;74.2918
6.30;74.6895
6.31;74.7980
6.33;74.9452
6.35;75.0469
6.38;75.2418
6.41;75.4652
6.47;75.7305
6.50;76.1335
6.54;76.4022
6.55;76.7021
6.58;76.8039
6.60;77.0520
6.61;77.1836
6.63;77.2944
6.66;77.4510
6.68;77.6374
6.72;77.8565
6.74;78.1127
6.77;78.3027
6.80;78.5134
6.82;78.7773
6.85;78.9527
6.89;79.1946
6.92;79.5034
6.97;79.6950
6.99;80.0893
7.00;80.2563
7.03;80.3681
7.06;80.6166
7.12;80.7956
7.13;81.3104
7.16;81.4251
7.18;81.6147
7.20;81.7534
7.22;81.9364
7.24;82.0753
7.28;82.2842
7.30;82.5961
7.33;82.7642
7.37;82.9477
7.39;83.2968
7.45;83.4317
7.46;83.9124
7.48;84.0216
7.50;84.1258
7.53;84.2992
7.58;84.5621
7.62;84.9624
7.63;85.2283
7.64;85.3546
7.66;85.4603
7.69;85.6167
7.72;85.8006
7.75;86.0439
7.78;86.2763
7.83;86.5447
7.87;86.9466
7.88;87.2108
7.89;87.3360
7.91;87.4410
7.95;87.5955
8.00;87.8667
8.03;88.2660
8.05;88.5325
8.06;88.6802
8.08;88.7867
8.10;88.9174
8.13;89.0761
8.16;89.2884
8.20;89.5798
8.25;89.8508
8.28;90.2514
8.30;90.5229
8.34;90.6780
8.37;90.9818
8.38;91.1811
8.40;91.3114
8.42;91.4293
8.44;91.5781
8.46;91.7252
8.50;91.9456
8.52;92.2506
8.55;92.3966
8.58;92.6049
8.60;92.8970
8.64;93.0545
8.66;93.3288
8.70;93.5473
8.72;93.8249
8.75;93.9712
8.78;94.2072
8.83;94.4721
8.87;94.8731
8.90;95.1398
8.91;95.4053
8.95;95.5292
8.98;95.8182
9.00;96.0829
9.03;96.1860
9.05;96.4751
9.06;96.5778
9.08;96.6770
9.11;96.8507
9.17;97.1127
9.20;97.5161
9.23;97.7840
9.25;98.0527
9.26;98.1752
9.28;98.2937
9.30;98.4399
9.32;98.5909
9.37;98.7695
9.38;99.1067
9.41;99.2303
9.45;99.4307
9.47;99.7683
9.49;99.9234
9.53;100.0874
9.55;100.4298
9.57;100.5553
9.62;100.7474
9.63;101.0907
9.65;101.2193
9.70;101.4042
9.71;101.7549
9.74;101.8812
9.79;102.0684
9.80;102.4604
9.87;102.5627
9.89;103.1255
9.92;103.2356
9.93;103.4721
9.96;103.6044
10.00;103.8667
10.03;104.1340
10.05;104.4030
10.06;104.5268
10.08;104.6542
10.10;104.7900
10.13;104.9346
10.16;105.1521
10.20;105.4567
10.25;105.7273
10.28;106.1322
10.30;106.3977
10.34;106.5148
10.37;106.8218
10.38;107.0577
10.43;107.1847
10.45;107.5825
10.46;107.7144
10.48;107.8205
10.50;107.9492
10.52;108.0986
10.54;108.2425
10.58;108.4575
10.61;108.7483
10.67;108.9994
10.70;109.3906
10.72;109.6499
10.73;109.7735
10.75;109.9142
10.78;110.0035
10.83;110.2455
10.87;110.6273
10.88;110.8813
10.90;111.0029
10.91;111.0939
10.94;111.2335
10.96;111.3835
11.00;111.5736
11.03;111.8124
11.08;112.0370
11.10;112.4206
11.12;112.5170
11.13;112.6509
11.16;112.7514
11.20;112.9289
11.23;113.1904
11.28;113.3928
11.32;113.7497
11.33;113.9946
11.35;114.1023
11.36;114.1850
11.39;114.3238
11.41;114.4653
11.45;114.6680
11.48;114.9339
11.53;115.2232
11.57;115.6030
11.60;115.8696
11.62;116.1381
11.65;116.2808
11.68;116.5223
11.72;116.8174
11.73;117.0646
11.74;117.1828
11.76;117.2918
11.78;117.4499
11.81;117.5947
11.85;117.8140
11.88;118.1143
11.93;118.3844
11.97;118.7857
11.99;119.1146
12.01;119.2173
12.03;119.4408
12.05;119.5755
12.08;119.7287
12.10;119.9739
12.13;120.1047
12.17;120.2785
12.18;120.5411
12.21;120.6669
12.25;120.8623
12.26;121.1903
12.29;121.3113
12.33;121.5074
12.35;121.8368
12.42;121.9515
12.45;122.4789
12.46;122.7388
12.48;122.8533
12.50;122.9742
12.52;123.1191
12.54;123.2567
12.58;123.4348
12.62;123.7100
12.67;124.0094
12.70;124.3235
12.72;124.6017
12.75;124.6860
12.76;124.9296
12.78;125.0511
12.82;125.1268
12.83;125.4016
12.87;125.5042
12.90;125.7485
12.93;125.9659
12.98;126.1791
13.02;126.5372
13.03;126.7770
13.05;126.8883
13.06;126.9724
13.10;127.0822
13.15;127.2785
13.18;127.6334
13.22;127.8440
13.25;128.0578
13.26;128.3101
13.30;128.3710
13.33;128.5788
13.37;128.7904
13.38;129.0280
13.39;129.1272
13.41;129.1985
13.44;129.3119
13.47;129.4208
13.50;129.6682
13.53;129.7955
13.58;129.9545
13.62;130.2891
13.65;130.4765
13.68;130.6617
13.72;130.8781
13.73;131.0871
13.76;131.1423
13.80;131.3185
13.83;131.5059
13.85;131.7236
13.86;131.8369
13.88;131.9011
13.90;131.9805
13.93;132.0733
13.96;132.2063
14.00;132.3880
14.05;132.5164
14.08;132.8229
14.12;132.9882
14.15;133.1568
14.17;133.3640
14.18;133.4707
14.20;133.5289
14.23;133.5637
14.25;133.7529
14.28;133.8025
14.31;133.9612
14.37;134.0572
14.40;134.3562
14.43;134.5014
14.47;134.6519
14.48;134.8732
14.50;134.9229
14.51;135.0206
14.53;135.0651
14.56;135.1251
14.60;135.2204
14.63;135.3759
14.68;135.4606
14.72;135.7276
14.75;135.8655
14.77;136.0537
14.78;136.1471
14.80;136.2134
14.83;136.2059
14.86;136.3210
14.92;136.3826
14.95;136.6428
14.96;136.8414
14.98;136.9024
15.00;136.9420
15.02;136.9935
15.05;137.0449
15.08;137.1284
15.12;137.2420
15.17;137.2812
15.20;137.5413
15.23;137.6434
15.25;137.8406
15.26;137.8985
15.28;137.9109
15.31;137.9600
15.33;138.0177
15.37;138.0736
15.40;138.1931
15.45;138.1960
15.48;138.4320
15.52;138.5276
15.53;138.7064
15.55;138.7726
15.56;138.7880
15.59;138.8178
15.62;138.8326
15.65;138.9341
15.68;138.9844
15.73;138.9900
15.77;139.2065
15.80;139.2892
15.82;139.4594
15.83;139.5267
15.85;139.5427
15.87;139.5645
15.89;139.5918
15.93;139.5591
15.95;139.7758
15.97;139.7830
16.02;139.7132
16.04;139.9350
16.10;139.7579
16.11;140.1547
16.13;140.1900
16.15;140.1758
16.17;140.2190
16.19;140.2124
16.23;140.1995
16.25;140.4004
16.27;140.3705
16.32;140.3061
16.33;140.5540
16.35;140.5487
16.38;140.5229
16.41;140.5481
16.47;140.4903
16.50;140.6768
16.51;140.8475
16.53;140.8658
16.55;140.8697
16.57;140.8907
16.59;140.8999
16.63;140.7846
16.65;141.0226
16.67;141.0155
16.70;140.9710
16.73;140.9829
16.78;140.9019
16.82;141.0704
16.83;141.2363
16.87;141.1178
16.90;141.1449
16.91;141.3059
16.95;141.1906
16.96;141.3434
16.98;141.3770
17.00;141.3308
17.04;141.2135
17.08;141.1677
17.12;141.3245
17.13;141.4537
17.16;141.3310
17.18;141.4721
17.20;141.4784
17.21;141.4891
17.23;141.4793
17.26;141.4271
17.30;141.3403
17.32;141.5016
17.34;141.4896
17.38;141.3290
17.40;141.5455
17.42;141.5026
17.47;141.2861
17.48;141.5770
17.53;141.2720
17.55;141.5421
17.56;141.5717
17.58;141.5065
17.61;141.4532
17.63;141.4469
17.66;141.4119
17.70;141.3722
17.75;141.2220
17.78;141.3449
17.80;141.4708
17.81;141.4944
17.83;141.4301
17.85;141.4242
17.88;141.3509
17.92;141.2313
17.95;141.2430
18.00;141.0790
18.01;141.3484
18.03;141.3396
18.05;141.2887
18.07;141.2771
18.10;141.1704
18.13;141.0777
18.17;141.0615
18.22;140.8817
18.23;141.1393
18.25;141.1355
18.26;141.0736
18.28;141.0441
18.31;140.9621
18.35;140.8240
18.36;140.9785
18.39;140.8803
18.43;140.6617
18.45;140.8654
18.47;140.8265
18.50;140.6652
18.52;140.7392
18.54;140.6451
18.58;140.4715
18.60;140.6324
18.62;140.5474
18.65;140.4432
18.68;140.3342
18.73;140.1110
18.75;140.3508
18.76;140.3476
18.78;140.2515
18.80;140.2208
18.82;140.1250
18.87;139.9111
18.88;140.0738
18.90;139.9812
18.93;139.8513
18.96;139.7417
19.02;139.4858
19.05;139.5178
19.06;139.6622
19.10;139.4098
19.12;139.5011
19.13;139.4961
19.15;139.4060
19.16;139.4165
19.19;139.2549
19.21;139.1631
19.25;139.0200
19.30;138.7505
19.33;138.7855
19.35;138.8940
19.36;138.8651
19.38;138.7550
19.39;138.7775
19.42;138.6100
19.45;138.4885
19.48;138.3448
19.53;138.0701
19.57;138.0828
19.58;138.1872
19.60;138.1429
19.61;138.0509
19.63;138.0144
19.65;137.8784
19.70;137.5762
19.71;137.7429
19.74;137.6105
19.78;137.2745
19.80;137.4623
19.82;137.3345
19.87;136.9658
19.88;137.1630
19.90;137.0428
19.93;136.8657
19.97;136.7044
20.02;136.3553
20.05;136.4124
20.08;136.2529
20.12;136.1227
20.13;136.2106
20.17;135.9185
20.20;135.7881
20.21;135.8724
20.23;135.8362
20.25;135.6910
20.28;135.4470
20.33;135.1064
20.37;135.0890
20.40;134.9331
20.42;134.9732
20.45;134.7729
20.48;134.5769
20.50;134.6053
20.51;134.5932
20.53;134.4888
20.55;134.3255
20.58;134.1549
20.61;133.9855
20.65;133.8142
20.70;133.4376
20.73;133.4146
20.77;133.2392
20.80;133.0960
20.81;133.1560
20.83;133.0720
20.85;132.9893
20.87;132.8499
20.90;132.6605
20.93;132.4413
20.96;132.2859
21.02;131.8989
21.05;131.8821
21.08;131.7114
21.12;131.5358
21.13;131.6141
21.16;131.3012
21.20;131.1305
21.23;130.9627
21.25;131.0302
21.27;130.9317
21.28;130.8655
21.30;130.7256
21.33;130.5239
21.37;130.2968
21.40;130.1428
21.45;129.7560
21.48;129.7303
21.52;129.5566
21.55;129.3961
21.58;129.2216
21.60;129.3143
21.62;129.1804
21.63;129.0884
21.65;128.9671
21.68;128.7469
21.71;128.5898
21.75;128.4016
21.82;127.7870
21.85;127.8626
21.88;127.7542
21.92;127.5639
21.95;127.3902
21.96;127.4722
22.00;127.1417
22.03;126.9921
22.07;126.8227
22.10;126.6551
22.13;126.4825
22.17;126.3236
22.18;126.3859
22.20;126.3148
22.21;126.1977
22.24;126.0098
22.27;125.8307
22.32;125.4794
22.33;125.6325
22.36;125.3760
22.40;125.1205
22.43;124.9867
22.48;124.5946
22.52;124.5569
22.55;124.3993
22.58;124.2318
22.62;124.0636
22.63;124.1276
22.65;123.9954
22.66;123.9730
22.69;123.7507
22.72;123.5673
22.77;123.2159
22.80;123.1354
22.85;122.7626
22.88;122.7250
22.90;122.8062
22.91;122.6784
22.93;122.5864
22.96;122.3855
23.00;122.1064
23.04;121.8486
23.08;121.6605
23.12;121.5555
23.15;121.3819
23.18;121.2177
23.22;121.0481
23.23;121.1140
23.25;120.9860
23.26;120.9637
23.30;120.6414
23.37;120.0146
23.40;120.1265
23.43;119.9600
23.45;120.0249
23.48;119.7131
23.52;119.5431
23.55;119.3765
23.58;119.2069
23.62;119.0397
23.65;118.8681
23.68;118.6945
23.70;118.7416
23.73;118.4727
23.77;118.2963
23.80;118.1313
23.83;117.9721
23.87;117.7920
23.90;117.6307
23.93;117.4585
23.95;117.5324
23.98;117.2127
24.01;117.0462
24.06;116.7442
24.08;116.7679
24.13;116.4233
24.14;116.5934
24.16;116.3585
24.18;116.3475
24.19;116.3169
24.23;115.9520
24.25;116.0477
24.28;115.8030
24.31;115.5300
24.35;115.4066
24.40;115.0089
24.43;114.9760
24.47;114.8131
24.50;114.6420
24.53;114.4668
24.57;114.2986
24.58;114.3606
24.59;114.3165
24.61;114.1561
24.64;113.9950
24.68;113.6789
24.71;113.5134
24.73;113.5917
24.76;113.3644
24.80;113.0726
24.83;112.9357
24.88;112.5527
24.91;112.5359
24.93;112.5940
24.95;112.4815
24.97;112.3434
25.00;112.1324
25.03;111.9498
25.06;111.7717
25.13;111.1512
25.17;111.2261
25.19;111.2635
25.21;111.0607
25.23;111.0543
25.24;111.0312
25.28;110.6461
25.31;110.5027
25.37;110.1138
25.40;110.0835
25.43;109.9208
25.47;109.7484
25.50;109.5550
25.52;109.6159
25.53;109.5598
25.55;109.4483
25.57;109.2452
25.60;109.0718
25.65;108.7397
25.68;108.6456
25.73;108.2443
25.77;108.2521
25.80;108.0752
25.83;107.8982
25.85;107.9766
25.88;107.6548
25.91;107.4978
25.95;107.3232
25.98;107.1489
26.00;107.1899
26.03;106.9310
26.06;106.7442
26.10;106.5691
26.13;106.4048
26.15;106.4662
26.17;106.3427
26.18;106.3165
26.20;106.1141
26.23;105.9201
26.28;105.5404
26.30;105.6302
26.32;105.5366
26.36;105.1893
26.40;105.0615
26.45;104.6789
26.48;104.6535
26.52;104.4706
26.55;104.3238
26.58;104.1454
26.60;104.2083
26.61;104.1696
26.63;104.0024
26.66;103.8234
26.69;103.6480
26.73;103.3266
26.77;103.2277
26.82;102.8500
26.85;102.8182
26.88;102.6483
26.92;102.4777
26.95;102.3124
26.96;102.3773
26.98;102.3227
27.00;102.1831
27.02;102.0077
27.05;101.8216
27.10;101.4701
27.13;101.3928
27.18;101.0148
27.22;100.9886
27.25;100.8113
27.28;100.6389
27.32;100.4842
27.33;100.5339
27.35;100.4948
27.36;100.3452
27.39;100.1766
27.42;99.9720
27.47;99.6406
27.50;99.5644
27.55;99.1810
27.58;99.1577
27.62;98.9832
27.65;98.7895
27.67;98.8376
27.68;98.7929
27.72;98.4932
27.75;98.3043
27.76;98.3936
27.80;98.0594
27.83;97.9025
27.90;97.2708
27.93;97.4028
27.95;97.4173
27.98;97.1912
28.02;96.9973
28.05;96.8377
28.08;96.6701
28.12;96.5037
28.13;96.5785
28.14;96.5325
28.16;96.3791
28.19;96.2321
28.22;96.0329
28.25;95.8815
28.28;95.6942
28.35;95.0842
28.38;95.1850
28.42;95.0350
28.43;95.0900
28.44;95.0474
28.46;94.8941
28.49;94.7332
28.52;94.5367
28.57;94.1918
28.58;94.3579
28.61;94.0813
28.65;93.8527
28.68;93.7109
28.75;93.0961
28.78;93.2132
28.82;92.9554
28.84;93.1118
28.86;92.8420
28.88;92.8518
28.89;92.8245
28.93;92.4463
28.97;92.3070
29.02;91.9280
29.05;91.8951
29.08;91.7296
29.12;91.5601
29.15;91.3937
29.17;91.4429
29.20;91.1714
29.23;90.9943
29.26;90.8305
29.30;90.6582
29.33;90.4926
29.35;90.5593
29.36;90.5177
29.38;90.3589
29.41;90.1829
29.44;89.9827
29.48;89.6862
29.52;89.5914
29.57;89.2112
29.60;89.1943
29.63;89.0170
29.67;88.8567
29.70;88.6882
29.72;88.7105
29.73;88.6921
29.75;88.5802
29.78;88.3597
29.81;88.1344
29.85;87.9139
29.88;87.7873
29.93;87.3993
29.97;87.3805
30.00;87.2116
30.03;87.0495
30.07;86.8409
30.10;86.7441
30.13;86.5565
30.15;86.6173
30.17;86.4946
30.18;86.4710
30.21;86.2530
30.24;86.0691
30.28;85.7237
30.32;85.6622
30.37;85.2696
30.40;85.2478
30.44;84.9584
30.46;85.0114
30.50;84.7535
30.53;84.5874
30.55;84.6545
30.56;84.6148
30.58;84.4540
30.61;84.2805
30.64;84.0309
30.68;83.8102
30.72;83.6799
30.77;83.3134
30.80;83.2738
30.83;83.1171
30.87;82.9521
30.90;82.7869
30.93;82.6179
30.97;82.4568
31.00;82.2890
31.01;82.3631
31.03;82.3213
31.05;82.1525
31.07;81.9746
31.11;81.7865
31.15;81.4856
31.18;81.3877
31.23;81.0064
31.27;80.8053
31.30;80.6624
31.33;80.4791
31.37;80.3327
31.40;80.1582
31.43;79.9980
31.47;79.8369
31.48;79.8936
31.49;79.8694
31.51;79.6997
31.55;79.4624
31.57;79.3705
31.61;79.0381
31.65;78.9313
31.72;78.3211
31.73;78.6978
31.77;78.3711
31.78;78.3921
31.80;78.3890
31.83;78.0441
31.87;77.8823
31.93;77.2575
31.95;77.6186
31.98;77.2930
32.00;77.3836
32.01;77.3302
32.05;76.9585
32.07;76.9426
32.11;76.7234
32.15;76.4228
32.18;76.3428
32.25;75.7194
32.27;76.0086
32.30;75.8232
32.31;75.8252
32.33;75.7334
32.36;75.4561
32.40;75.2832
32.48;74.5443
32.50;74.8824
32.53;74.6205
32.57;74.4668
32.58;74.5156
32.60;74.4652
32.61;74.3584
32.64;74.1473
32.67;73.9544
32.72;73.6684
32.75;73.5727
32.85;72.5525
32.86;73.1446
32.88;73.0898
32.89;73.0357
32.91;72.9086
32.93;72.8133
32.96;72.5914
32.99;72.3482
33.03;72.2067
33.10;71.6021
33.13;71.7187
33.16;71.5522
33.20;71.3942
33.21;71.4389
33.24;71.1632
33.28;70.9893
33.31;70.8261
33.34;70.6679
33.38;70.5016
33.41;70.3391
33.44;70.1788
33.48;70.0102
33.51;69.8488
33.54;69.6861
33.56;69.7457
33.57;69.7129
33.59;69.5493
33.62;69.3569
33.65;69.1650
33.69;68.9006
33.73;68.7948
33.80;68.1771
33.83;68.3040
33.86;68.1350
33.88;68.2103
33.91;67.8966
33.94;67.7333
33.98;67.5720
34.08;66.5514
34.09;67.1745
34.10;67.1265
34.12;67.0605
34.14;66.9282
34.18;66.4860
34.20;66.6495
34.23;66.4002
34.26;66.1456
34.30;66.0169
34.37;65.4129
34.40;65.5275
34.43;65.3627
34.47;65.2075
34.48;65.2446
34.50;65.1397
34.51;65.1399
34.55;64.8137
34.58;64.6453
34.65;64.0342
34.68;64.1530
34.71;63.9918
34.75;63.7941
34.78;63.6872
34.81;63.5145
34.85;63.3467
34.88;63.1784
34.91;63.0197
34.95;62.8577
34.98;62.6842
35.01;62.5368
35.05;62.3702
35.08;62.2002
35.10;62.2712
35.12;62.1599
35.13;62.1267
35.16;61.8280
35.19;61.6614
35.23;61.4646
35.27;61.2055
35.33;60.8023
35.36;60.8419
35.40;60.6786
35.43;60.5230
35.46;60.3624
35.50;60.1979
35.53;60.0376
35.56;59.8768
35.60;59.7184
35.63;59.5642
35.66;59.3981
35.70;59.2387
35.73;59.0797
35.76;58.9181
35.80;58.7595
35.83;58.5922
35.86;58.4434
35.90;58.2784
35.93;58.1139
35.96;57.9627
36.00;57.7913
36.03;57.6448
36.06;57.4771
36.10;57.3112
36.13;57.1575
36.16;56.9951
36.20;56.8377
36.23;56.6790
36.28;56.2799
36.32;56.2670
36.36;56.0113
36.38;56.0201
36.41;55.7862
36.45;55.6251
36.48;55.4656
36.51;55.3049
36.55;55.1444
36.58;54.9818
36.61;54.8188
36.65;54.6236
36.68;54.5193
36.71;54.3436
36.75;54.1723
36.78;54.0153
36.81;53.8551
36.87;53.4666
36.90;53.4533
36.93;53.2534
36.96;53.1612
37.00;52.9722
37.03;52.8091
37.06;52.6459
37.10;52.4885
37.13;52.3239
37.17;52.1548
37.20;52.0205
37.25;51.6219
37.28;51.5819
37.30;51.6833
37.31;51.5929
37.34;51.4266
37.37;51.1601
37.42;50.8792
37.45;50.8144
37.48;50.7014
37.51;50.4489
37.57;50.0928
37.63;49.6496
37.67;49.7651
37.71;49.5154
37.73;49.5027
37.76;49.2799
37.80;49.1180
37.83;48.9566
37.86;48.7962
37.90;48.6319
37.93;48.4763
37.98;48.0515
38.01;48.0979
38.05;47.9015
38.08;47.7403
38.11;47.5814
38.15;47.4187
38.18;47.2612
38.22;47.0935
38.25;46.9440
38.26;46.9863
38.30;46.7023
38.33;46.5401
38.40;45.9278
38.43;46.0543
38.46;45.8933
38.50;45.7179
38.53;45.5720
38.58;45.1883
38.61;45.1604
38.65;44.9677
38.68;44.8566
38.71;44.6786
38.75;44.5191
38.78;44.3522
38.83;43.9707
38.86;43.9547
38.90;43.7877
38.93;43.6327
38.97;43.4634
39.00;43.3097
39.03;43.1487
39.08;42.7579
39.11;42.7532
39.15;42.5816
39.18;42.4207
39.22;42.2615
39.25;42.1075
39.30;41.7183
39.33;41.7021
39.37;41.5370
39.40;41.3828
39.45;41.0020
39.48;40.9740
39.51;40.8199
39.55;40.6591
39.60;40.2650
39.63;40.2717
39.66;40.0981
39.68;40.1897
39.70;40.0583
39.73;39.8268
39.76;39.5917
39.81;39.2425
39.85;39.2149
39.92;38.6090
39.93;38.9641
39.96;38.6474
40.00;38.4847
40.07;37.8782
40.10;38.0020
40.15;37.6092
40.18;37.5927
40.22;37.4304
40.25;37.2666
40.30;36.8873
40.33;36.8625
40.36;36.7005
40.40;36.5403
40.43;36.3715
40.48;35.9971
40.52;35.9392
40.55;35.8306
40.58;35.6502
40.63;35.2670
40.66;35.2442
40.70;35.0802
40.73;34.9191
40.76;34.7587
40.81;34.3773
40.85;34.3497
40.88;34.1880
40.91;34.0315
40.96;33.6516
41.00;33.6250
41.03;33.4606
41.06;33.3010
41.11;32.9232
41.15;32.7250
41.18;32.5554
41.23;32.1798
41.26;32.1408
41.30;31.9759
41.35;31.5933
41.38;31.5607
41.41;31.3990
41.46;31.0123
41.51;30.8626
41.53;30.8907
41.58;30.4368
41.61;30.3976
41.65;30.2022
41.70;29.8695
41.73;29.8181
41.76;29.6527
41.80;29.4849
41.85;29.1006
41.88;29.0705
41.92;28.9014
41.96;28.5243
42.00;28.4841
42.03;28.3255
42.08;27.9397
42.12;27.9010
42.15;27.7446
42.18;27.5806
42.23;27.1832
42.27;27.1465
42.30;27.0065
42.35;26.6131
42.38;26.5750
42.41;26.4180
42.47;26.0323
42.50;25.9886
42.53;25.8455
42.58;25.4503
42.61;25.4224
42.65;25.2540
42.70;24.8663
42.73;24.8434
42.76;24.6774
42.82;24.2937
42.85;24.2636
42.88;24.0980
42.93;23.7198
42.96;23.6877
43.00;23.5272
43.05;23.1431
43.08;23.1144
43.11;22.9544
43.16;22.5748
43.20;22.5432
43.23;22.3800
43.28;22.0010
43.32;21.9690
43.35;21.8087
43.40;21.4255
43.43;21.3954
43.46;21.2384
43.52;20.8459
43.55;20.8244
43.58;20.6695
43.63;20.2801
43.66;20.2560
43.72;19.8783
43.75;19.8491
43.78;19.6825
43.83;19.3227
43.87;19.2711
43.90;19.1383
43.93;18.9662
43.98;18.5920
44.01;18.5645
44.07;18.1906
44.10;18.1589
44.13;18.0005
44.18;17.6278
44.22;17.6010
44.25;17.4398
44.30;17.0704
44.33;17.0386
44.36;16.8826
44.41;16.5102
44.45;16.4738
44.48;16.3235
44.53;15.9499
44.57;15.9161
44.60;15.7510
44.65;15.4077
44.68;15.3726
44.71;15.2189
44.75;15.0612
44.80;14.7016
44.83;14.6815
44.86;14.5251
44.92;14.1664
44.95;14.1463
44.98;13.9907
45.03;13.6317
45.07;13.6111
45.10;13.4591
45.13;13.3091
45.18;12.9569
45.22;12.9292
45.25;12.7798
45.30;12.4430
45.33;12.4117
45.37;12.2531
45.40;12.1182
45.45;11.7646
45.48;11.7407
45.51;11.6022
45.57;11.2500
45.60;11.2329
45.63;11.0910
45.68;10.7514
45.71;10.7310
45.75;10.5842
45.80;10.2461
45.83;10.2352
45.86;10.0902
45.90;9.9482
45.93;9.8928
45.98;9.6481
46.04;9.4997
46.08;9.6148
46.09;9.8663
46.13;9.5765
46.15;9.7895
46.16;9.8089
46.20;9.5408
46.30;8.7340
46.33;9.4703
46.34;9.6985
46.37;9.5230
46.39;9.6599
46.47;8.8714
46.52;9.2584
46.53;9.6854
46.55;9.6088
46.56;9.6985
46.59;9.5776
46.64;9.2371
46.74;8.1023
46.77;9.1785
46.79;9.4759
46.81;9.3345
46.83;9.5422
46.91;8.8228
46.95;9.3534
46.97;9.8807
46.99;9.8125
47.00;9.9697
47.03;9.8435
47.06;9.7499
47.16;9.0169
47.21;9.8924
47.23;10.3522
47.25;10.4705
47.26;10.5007
47.29;10.3531
47.39;9.5037
47.44;10.3753
47.45;10.9131
47.48;10.8111
47.49;11.0244
47.51;10.9148
47.61;9.9804
47.65;10.9343
47.67;11.3402
47.69;11.3696
47.70;11.4568
47.73;11.3634
47.83;10.4422
47.87;11.3118
47.89;11.8424
47.91;11.7893
47.92;11.9382
48.01;10.9755
48.06;11.7037
48.07;12.2279
48.09;12.1727
48.11;12.3098
48.15;11.9983
48.24;11.3960
48.28;12.2902
48.29;12.6717
48.31;12.5970
48.33;12.7133
48.35;12.7358
48.45;11.7129
48.50;12.5776
48.51;13.1212
48.53;13.1032
48.55;13.0559
48.57;13.0063
48.67;12.0511
48.72;12.9393
48.73;13.4717
48.75;13.4151
48.77;13.4971
48.86;12.6491
48.90;13.3517
48.92;13.8866
48.94;13.8121
48.96;13.8989
48.99;13.7529
49.09;13.0797
49.13;13.9399
49.15;14.3056
49.18;14.2010
49.19;14.4502
49.26;13.8071
49.31;14.2711
49.32;14.7775
49.34;14.7260
49.36;14.8245
49.38;14.7955
49.42;14.6454
49.52;13.9140
49.56;14.8062
49.58;15.3224
49.60;15.2817
49.62;15.3382
49.63;15.3843
49.73;14.3799
49.78;15.2753
49.79;15.7893
49.81;15.7323
49.83;15.8494
49.85;15.8038
49.95;14.8389
49.99;15.7461
50.01;16.2394
50.03;16.2084
50.04;16.2964
50.06;16.2849
50.16;15.3057
50.21;16.1970
50.22;16.7161
50.24;16.6634
50.26;16.7314
50.29;16.5702
50.39;15.9001
50.43;16.7402
50.44;17.1846
50.48;16.9121
50.49;17.2489
50.56;16.6302
50.61;17.0622
50.63;17.4825
50.64;17.6042
50.66;17.5928
50.68;17.6051
50.71;17.4346
50.81;16.7042
50.86;17.6044
50.87;18.1038
50.89;18.0448
50.90;18.1906
50.94;17.8674
51.04;17.2770
51.07;17.9354
51.09;18.3127
51.11;18.2094
51.13;18.3687
51.14;18.4006
51.19;17.9906
51.29;17.5624
51.32;18.4751
51.34;18.8455
51.36;18.7302
51.38;18.6750
51.39;18.6869
51.44;18.1085
51.54;17.3481
51.57;17.6198
51.59;17.7187
51.61;17.5226
51.63;17.5058
51.64;17.4493
51.69;16.9010
51.73;16.8908
51.80;16.2505
51.83;16.4155
51.86;16.2438
51.89;16.0797
51.93;15.9188
51.98;15.5301
52.01;15.5249
52.05;15.3580
52.08;15.1914
52.11;15.0405
52.14;14.8801
52.18;14.7122
52.23;14.3469
52.26;14.3146
52.29;14.1627
52.33;13.9923
52.36;13.8429
52.40;13.6829
52.43;13.5301
52.48;13.1467
52.51;13.1301
52.54;12.9747
52.58;12.8168
52.62;12.5908
52.64;12.5462
52.68;12.3220
52.71;12.2003
52.74;12.0294
52.80;11.5492
52.83;11.7154
52.86;11.4811
52.90;11.3263
52.93;11.1794
52.96;11.0185
52.99;10.8661
53.03;10.7059
53.06;10.5538
53.10;10.4009
53.15;9.9927
53.18;10.0555
53.21;9.8718
53.24;9.7193
53.28;9.5609
53.31;9.4271
53.34;9.2681
53.38;9.1183
53.41;8.9722
53.44;8.8305
53.50;8.3848
53.53;8.4694
53.59;7.9648
53.63;7.9467
53.66;7.9425
53.70;7.6684
53.73;7.6192
53.74;7.6995
53.76;7.5206
53.78;7.5490
53.81;7.2542
53.88;6.7136
53.91;6.8419
53.94;6.7042
54.00;6.3808
54.03;6.3572
54.06;6.2621
54.09;6.1245
54.13;5.9975
54.16;5.8789
54.19;5.7555
54.23;5.6397
54.26;5.5200
54.29;5.4112
54.33;5.3018
54.36;5.1890
54.40;5.0708
54.45;4.8475
54.48;4.8438
54.51;4.7576
54.54;4.6660
54.58;4.5812
54.61;4.5031
54.64;4.4313
54.68;4.3647
54.71;4.2989
54.74;4.2413
54.78;4.1836
54.81;4.1457
54.84;4.1013
54.86;4.1546
54.88;4.1189
54.91;4.0381
54.98;3.9286
55.01;3.9966
55.04;3.9955
55.06;4.0276
55.07;4.0352
55.09;4.0219
55.14;4.0213
55.16;4.0580
55.21;4.0922
55.24;4.1316
55.31;4.2658
55.33;4.2426
55.36;4.3159
55.39;4.3819
55.43;4.4516
55.46;4.5261
55.49;4.6070
55.53;4.6916
55.56;4.7793
55.59;4.8698
55.63;4.9701
55.66;5.0687
55.69;5.1728
55.73;5.2764
55.76;5.3878
55.77;5.3458
55.79;5.4503
55.82;5.5854
55.86;5.7187
55.89;5.8644
55.93;5.9706
56.00;6.3978
56.03;6.3426
56.06;6.4795
56.09;6.6029
56.15;6.9000
56.18;6.9249
56.21;7.0581
56.25;7.1866
56.28;7.3122
56.31;7.4463
56.34;7.5774
56.38;7.7106
56.41;7.8478
56.44;7.9847
56.48;8.1306
56.51;8.2428
56.54;8.3937
56.60;8.7208
56.61;8.5535
56.63;8.6336
56.64;8.7090
56.67;8.8451
56.70;9.0624
56.74;9.3048
56.78;9.3851
56.85;9.9082
56.88;9.8191
56.93;10.1581
56.96;10.1893
57.00;10.3396
57.03;10.4811
57.06;10.6353
57.10;10.7821
57.15;11.1272
57.18;11.1479
57.21;11.3062
57.25;11.4619
57.28;11.6008
57.31;11.7557
57.34;11.9024
57.38;12.0591
57.41;12.2036
57.46;12.5579
57.50;12.6003
57.53;12.7450
57.56;12.8974
57.60;13.0773
57.63;13.1832
57.66;13.3564
57.71;13.7142
57.74;13.7379
57.78;13.8967
57.81;14.0502
57.84;14.2085
57.88;14.3606
57.91;14.5129
57.96;14.8760
57.99;14.9027
58.03;15.0619
58.06;15.2211
58.09;15.3727
58.13;15.5380
58.16;15.6763
58.21;16.0575
58.24;16.0698
58.28;16.2330
58.31;16.3967
58.32;16.3010
58.34;16.4476
58.38;16.6858
58.41;16.9006
58.46;17.1854
58.49;17.1939
58.53;17.4446
58.58;17.7831
58.61;17.8088
58.70;18.6092
58.71;18.1587
58.73;18.2386
58.75;18.4394
58.79;18.7037
58.84;19.0900
58.88;19.0983
58.95;19.6869
58.98;19.5648
59.03;19.9340
59.06;19.9472
59.10;20.1100
59.13;20.2488
59.18;20.6267
59.21;20.6646
59.24;20.7737
59.28;20.9722
59.31;21.0857
59.36;21.4676
59.39;21.4851
59.43;21.6407
59.46;21.7961
59.49;21.9505
59.54;22.3147
59.58;22.3412
59.61;22.4948
59.62;22.4005
59.64;22.5226
59.68;22.8293
59.72;23.0180
59.76;23.2741
59.79;23.3444
59.88;24.1560
59.90;23.6747
59.92;23.8284
59.94;23.9634
59.98;24.2355
60.03;24.5521
60.06;24.5918
60.15;25.4022
60.16;24.9152
60.18;24.9961
60.21;25.2859
60.25;25.5010
60.29;25.7829
60.33;25.8342
60.41;26.6505
60.43;26.1948
60.44;26.2197
60.48;26.6066
60.52;26.7983
60.56;26.9784
60.61;27.3341
60.70;27.9642
60.71;27.4983
60.73;27.5747
60.75;27.7955
60.79;28.0709
60.85;28.4097
60.88;28.4222
60.96;29.2500
60.98;28.7611
60.99;28.8207
61.03;29.1279
61.11;29.9410
61.13;29.4375
61.14;29.5590
61.18;29.8282
61.21;30.0497
61.26;30.3525
61.29;30.3995
61.38;31.2318
61.40;30.7532
61.41;30.8495
61.45;31.1685
61.49;31.3822
61.53;31.5802
61.58;31.9085
61.66;32.6025
61.68;32.1220
61.69;32.1848
61.72;32.4614
61.76;32.7054
61.81;33.0285
61.85;33.0941
61.93;33.8705
61.94;33.3870
61.98;33.7116
62.01;33.8743
62.10;34.6962
62.11;34.2080
62.13;34.2954
62.16;34.5656
62.20;34.8320
62.25;35.1044
62.30;35.3767
62.36;35.8514
62.40;35.8896
62.45;36.2835
62.48;36.2979
62.53;36.6742
62.55;36.5237
62.56;36.5134
62.61;37.0710
62.64;37.0951
62.73;37.9160
62.74;37.4161
62.76;37.5211
62.80;37.8220
62.83;38.0552
62.88;38.2939
62.93;38.5889
63.00;39.0655
63.05;39.1557
63.08;39.1611
63.13;39.5460
63.16;39.5719
63.19;39.7213
63.21;39.6085
63.24;39.9959
63.28;40.1571
63.36;40.9277
63.38;40.5315
63.39;40.5108
63.44;41.0716
63.48;41.0939
63.56;41.9286
63.58;41.4897
63.59;41.4885
63.64;42.0270
63.68;42.0671
63.76;42.8847
63.78;42.3961
63.80;42.4985
63.83;42.7524
63.87;43.0192
63.91;43.2902
63.96;43.5755
64.03;44.0440
64.08;44.1412
64.11;44.1604
64.16;44.5516
64.20;44.5695
64.25;44.9521
64.28;44.9785
64.31;45.1395
64.36;45.5260
64.40;45.5458
64.43;45.7030
64.48;46.0974
64.51;46.1097
64.56;46.4999
64.60;46.5297
64.65;46.9024
64.68;46.9442
64.71;47.0902
64.76;47.4783
64.80;47.5070
64.85;47.8833
64.88;47.9135
64.91;48.0712
64.96;48.4606
65.00;48.4831
65.03;48.6484
65.08;49.0513
65.09;48.8188
65.11;48.9105
65.15;49.2708
65.18;49.4018
65.23;49.7179
65.28;50.0081
65.35;50.4839
65.40;50.5687
65.43;50.5983
65.46;50.7507
65.50;50.9423
65.55;51.3155
65.58;51.3010
65.61;51.4814
65.66;51.8646
65.70;51.8859
65.73;52.0468
65.78;52.4275
65.81;52.4551
65.85;52.6206
65.90;53.0697
65.93;52.9473
65.96;53.1749
65.99;53.3326
66.05;53.7127
66.08;53.7389
66.11;53.8988
66.15;54.0637
66.18;54.2238
66.21;54.3862
66.26;54.7626
66.30;54.7875
66.33;54.9473
66.36;55.1145
66.39;55.2731
66.43;55.4382
66.48;55.8255
66.51;55.8293
66.54;56.0014
66.58;56.1636
66.61;56.3289
66.64;56.4899
66.68;56.6466
66.71;56.8097
66.76;57.1931
66.79;57.2078
66.83;57.3785
66.86;57.5379
66.89;57.6997
66.93;57.8601
66.96;58.0229
67.01;58.4080
67.05;58.4391
67.08;58.5967
67.11;58.7615
67.13;58.6680
67.14;58.8078
67.18;59.0807
67.25;59.6847
67.28;59.5768
67.31;59.7327
67.35;59.9101
67.36;59.8018
67.38;59.9404
67.41;60.1557
67.44;60.3697
67.48;60.5819
67.51;60.7094
67.58;61.3179
67.61;61.2269
67.65;61.3858
67.68;61.5445
67.71;61.7283
67.74;61.8579
67.78;62.0313
67.81;62.1929
67.84;62.3565
67.88;62.5308
67.91;62.6694
67.94;62.8426
67.98;63.0854
68.01;63.1173
68.04;63.3242
68.08;63.4886
68.11;63.6550
68.14;63.8161
68.18;63.9859
68.21;64.1426
68.24;64.3042
68.26;64.2436
68.28;64.3484
68.29;64.3882
68.32;64.6146
68.36;64.9380
68.39;65.0344
68.43;65.1785
68.50;65.8241
68.51;65.4536
68.54;65.7663
68.58;65.9362
68.61;66.0873
68.64;66.2513
68.68;66.4085
68.71;66.5735
68.74;66.7347
68.76;66.6657
68.78;66.7665
68.79;66.8158
68.83;67.1239
68.89;67.7154
68.93;67.5937
68.96;67.7507
68.98;67.7123
68.99;67.7050
69.01;67.8630
69.03;68.0149
69.06;68.2031
69.11;68.5475
69.13;68.3802
69.15;68.5992
69.19;68.8792
69.23;68.9940
69.28;69.3614
69.31;69.3913
69.35;69.5383
69.36;69.4648
69.37;69.5172
69.39;69.6502
69.41;69.7421
69.44;69.9530
69.48;70.1772
69.51;70.3135
69.56;70.7038
69.60;70.7314
69.63;70.8505
69.64;70.8039
69.66;70.9085
69.68;70.9491
69.70;71.0933
69.73;71.2918
69.76;71.5142
69.79;71.6652
69.84;72.0470
69.88;72.0584
69.91;72.2296
69.93;72.1939
69.94;72.1866
69.96;72.3773
69.98;72.4515
70.01;72.6723
70.04;72.8587
70.08;73.0239
70.13;73.4063
70.16;73.4226
70.19;73.5875
70.23;73.7397
70.24;73.6810
70.25;73.6911
70.28;73.8813
70.31;74.1375
70.36;74.5170
70.39;74.5319
70.43;74.6988
70.44;74.6322
70.45;74.6435
70.48;74.8399
70.51;75.0884
70.56;75.4707
70.59;75.4916
70.61;75.4210
70.62;75.4346
70.64;75.6312
70.68;75.8892
70.73;76.2845
70.76;76.2757
70.79;76.4586
70.81;76.3863
70.82;76.4018
70.83;76.4569
70.86;76.7373
70.89;76.8661
70.93;77.1304
70.96;77.2738
71.01;77.6359
71.05;77.6683
71.06;77.6170
71.08;77.6658
71.09;77.7683
71.11;77.8794
71.14;78.0870
71.18;78.3310
71.21;78.4761
71.26;78.8707
71.29;78.8519
71.33;79.0682
71.34;78.9506
71.35;78.9862
71.38;79.1810
71.39;79.2366
71.42;79.4388
71.46;79.7189
71.49;79.8444
71.54;80.2193
71.56;80.0327
71.58;80.0873
71.59;80.1869
71.61;80.2990
71.64;80.4982
71.68;80.7537
71.71;80.9027
71.76;81.2716
71.78;81.0634
71.79;81.0782
71.81;81.2848
71.84;81.5383
71.90;81.9447
71.93;81.9297
71.94;81.8709
71.95;81.8932
71.97;82.0124
71.99;82.1419
72.02;82.3259
72.06;82.6613
72.08;82.5197
72.10;82.6873
72.14;83.0871
72.16;82.9175
72.18;83.0717
72.21;83.2767
72.24;83.4652
72.29;83.8540
72.33;83.8840
72.34;83.8116
72.36;83.9091
72.38;83.9661
72.39;84.0512
72.42;84.2674
72.46;84.5864
72.48;84.4647
72.50;84.6136
72.53;84.8087
72.56;85.0044
72.61;85.3910
72.65;85.4191
72.66;85.3446
72.67;85.3748
72.68;85.4197
72.71;85.6658
72.74;85.7955
72.78;86.1431
72.79;85.9854
72.82;86.1503
72.84;86.3354
72.88;86.5406
72.93;86.9253
72.96;86.9605
72.98;86.8781
72.99;86.9805
73.01;87.0386
73.03;87.1161
73.05;87.3200
73.10;87.6834
73.11;87.5620
73.13;87.6161
73.16;87.8942
73.19;88.0816
73.24;88.4607
73.28;88.4931
73.29;88.3636
73.30;88.4169
73.31;88.4862
73.34;88.6833
73.38;89.1016
73.39;88.8607
73.44;89.4361
73.46;89.2592
73.48;89.3268
73.49;89.3811
73.52;89.5568
73.54;89.7102
73.58;89.9589
73.61;90.1117
73.66;90.4933
73.68;90.2806
73.69;90.3068
73.70;90.3711
73.72;90.5466
73.75;90.7095
73.78;90.8799
73.81;91.0777
73.86;91.4612
73.90;91.4967
73.91;91.4179
73.92;91.4648
73.95;91.6857
73.98;91.8456
74.01;92.0215
74.04;92.2144
74.09;92.6028
74.13;92.6364
74.15;92.5962
74.16;92.6053
74.18;92.7491
74.19;92.8214
74.22;92.9604
74.24;93.1477
74.28;93.3576
74.33;93.7422
74.36;93.7785
74.38;93.7057
74.39;93.7256
74.41;93.8533
74.42;93.9641
74.45;94.1698
74.49;94.4974
74.51;94.3719
74.56;94.8684
74.60;94.9268
74.61;94.8392
74.62;94.8512
74.64;95.0598
74.68;95.3253
74.73;95.7000
74.74;95.4983
74.76;95.5850
74.78;95.6620
74.79;95.7246
74.82;95.9366
74.86;96.2947
74.88;96.1446
74.89;96.2521
74.93;96.5224
74.96;96.6993
75.01;97.0801
75.05;97.1164
75.06;97.0389
75.07;97.0623
75.08;97.1245
75.11;97.3071
75.13;97.4786
75.16;97.6249
75.20;97.9622
75.24;98.1305
75.28;98.2531
75.30;98.2038
75.31;98.2072
75.32;98.2797
75.34;98.4307
75.37;98.6967
75.39;98.7072
75.43;98.9711
75.48;99.3608
75.49;99.1768
75.51;99.2551
75.53;99.2987
75.54;99.4063
75.57;99.5967
75.61;99.9897
75.63;99.8440
75.65;99.9883
75.68;100.2068
75.71;100.4064
75.76;100.7899
75.78;100.5895
75.79;100.6083
75.81;100.7325
75.82;100.8214
75.85;101.0166
75.88;101.1645
75.91;101.3693
75.96;101.7668
75.99;101.7906
76.01;101.7211
76.02;101.7564
76.05;101.9726
76.08;102.1317
76.11;102.3360
76.14;102.5386
76.19;102.9020
76.21;102.7363
76.22;102.7345
76.25;102.9525
76.28;103.0665
76.31;103.3188
76.34;103.5024
76.40;103.8863
76.41;103.6664
76.42;103.7030
76.43;103.7542
76.45;103.8901
76.48;104.0778
76.51;104.2892
76.53;104.2534
76.55;104.4020
76.59;104.7913
76.61;104.6307
76.63;104.7319
76.66;105.0069
76.69;105.1886
76.75;105.5717
76.76;105.3517
76.77;105.3793
76.78;105.4163
76.80;105.5833
76.83;105.7456
76.86;105.9837
76.89;106.1550
76.95;106.5290
76.96;106.3205
76.97;106.3436
76.98;106.3835
77.00;106.5801
77.03;106.7261
77.06;106.9349
77.09;107.1280
77.15;107.5076
77.16;107.2943
77.17;107.3199
77.19;107.4082
77.20;107.5287
77.23;107.7559
77.26;107.8788
77.29;108.1051
77.33;108.2666
77.36;108.4192
77.38;108.3667
77.39;108.4074
77.42;108.6451
77.45;108.7814
77.48;108.9596
77.51;109.1725
77.56;109.5523
77.58;109.3844
77.59;109.3760
77.61;109.5435
77.63;109.5845
77.64;109.7051
77.68;109.9594
77.71;110.1529
77.76;110.5329
77.78;110.3233
77.79;110.3434
77.82;110.5430
77.84;110.7140
77.88;110.9821
77.89;110.8586
77.92;111.0925
77.94;111.2318
77.98;111.4608
78.03;111.8360
78.04;111.6315
78.05;111.6584
78.07;111.7528
78.09;111.8726
78.11;112.0461
78.14;112.2542
78.18;112.4401
78.19;112.3155
78.21;112.4927
78.24;112.7572
78.29;113.1507
78.31;112.9464
78.32;113.0125
78.34;113.1277
78.36;113.2039
78.38;113.3394
78.41;113.5376
78.45;113.7796
78.50;114.1307
78.51;113.9185
78.52;113.9535
78.54;114.0744
78.55;114.1466
78.58;114.3377
78.61;114.5572
78.64;114.7362
78.69;115.1234
78.71;114.9135
78.72;114.9426
78.73;114.9802
78.75;115.1751
78.78;115.3239
78.81;115.5375
78.84;115.7276
78.89;116.1037
78.91;115.8949
78.92;115.9211
78.94;116.0537
78.95;116.0889
78.98;116.3054
79.02;116.6270
79.04;116.6298
79.09;117.0826
79.11;116.8711
79.12;116.8960
79.14;117.0204
79.15;117.0983
79.18;117.3055
79.21;117.4716
79.24;117.6725
79.29;118.0596
79.31;117.8538
79.32;117.8701
79.34;118.0067
79.36;118.1272
79.38;118.2856
79.41;118.4287
79.44;118.6464
79.49;119.0442
79.53;119.0765
79.54;118.9924
79.55;119.0214
79.59;119.2541
79.61;119.4114
79.64;119.6142
79.68;119.8042
79.73;120.1919
79.74;119.9793
79.75;120.0048
79.77;120.0738
79.79;120.2277
79.81;120.4003
79.84;120.5961
79.88;120.7909
79.93;121.1708
79.94;120.9745
79.95;120.9917
79.97;121.0389
79.99;121.2935
80.03;121.5190
80.04;121.4730
80.07;121.6428
80.09;121.7829
80.13;122.0241
80.14;121.9760
80.17;122.1341
80.21;122.5187
80.23;122.3657
80.24;122.4601
80.28;122.7505
80.31;122.9370
80.36;123.3101
80.38;123.1204
80.39;123.1390
80.42;123.3546
80.45;123.5217
80.48;123.7233
80.51;123.9340
80.56;124.2824
80.58;124.0926
80.59;124.1066
80.60;124.2419
80.63;124.3838
80.65;124.5484
80.69;124.8746
80.71;124.7522
80.73;124.8809
80.76;125.1065
80.79;125.3029
80.84;125.6873
80.88;125.7407
80.89;125.6411
80.91;125.6810
80.92;125.7367
80.94;125.9201
80.96;126.0887
80.99;126.2532
81.03;126.4530
81.08;126.8444
81.11;126.8694
81.13;126.8118
81.14;126.8265
81.16;126.9869
81.18;127.0742
81.20;127.2667
81.24;127.5939
81.26;127.4708
81.28;127.6315
81.33;128.0389
81.34;127.8780
81.36;127.9821
81.39;128.2658
81.43;128.4361
81.48;128.8456
81.49;128.6120
81.53;128.9306
81.56;129.0944
81.58;129.0413
81.59;129.1176
81.61;129.1776
81.63;129.2769
81.65;129.4982
81.69;129.7901
81.71;129.6965
81.73;129.8564
81.78;130.2215
81.79;130.0811
81.82;130.2468
81.86;130.6438
81.88;130.4838
81.90;130.6383
81.93;130.8268
81.96;131.0350
82.01;131.4212
82.05;131.4454
82.08;131.6003
82.09;131.5460
82.11;131.5608
82.12;131.6234
82.15;131.8881
82.17;132.0186
82.21;132.2896
82.24;132.4199
82.30;132.8022
82.33;132.8323
82.35;132.7980
82.36;132.8042
82.38;132.9487
82.39;133.0115
82.42;133.2228
82.46;133.5416
82.48;133.4256
82.55;134.1863
82.56;133.8425
82.57;133.8740
82.58;133.9238
82.61;134.1732
82.64;134.3378
82.68;134.5915
82.71;134.7347
82.76;135.1117
82.80;135.1695
82.81;135.0569
82.84;135.3930
82.88;135.5638
82.89;135.4899
82.91;135.5912
82.93;135.6663
82.94;135.7277
82.97;135.9807
83.01;136.2473
83.03;136.1956
83.10;136.8330
83.11;136.4748
83.12;136.5325
83.15;136.7581
83.16;136.7598
83.19;136.9875
83.23;137.1686
83.26;137.3487
83.28;137.2577
83.31;137.5135
83.35;137.6376
83.39;137.9374
83.43;137.9486
83.45;137.8965
83.46;137.8761
83.47;137.9793
83.49;138.0926
83.52;138.2393
83.56;138.4649
83.59;138.5371
83.64;138.8243
83.66;138.6035
83.67;138.6035
83.69;138.7016
83.71;138.8045
83.74;138.9289
83.78;139.1385
83.81;139.1890
83.86;139.4549
83.88;139.2227
83.89;139.2149
83.91;139.3522
83.93;139.3844
83.96;139.5440
83.99;139.6458
84.03;139.7319
84.08;139.9679
84.09;139.7274
84.10;139.7113
84.13;139.8415
84.16;140.0036
84.21;140.2284
84.24;140.2409
84.26;140.1488
84.27;140.1098
84.29;140.2021
84.31;140.2417
84.34;140.3416
84.38;140.4918
84.41;140.4566
84.47;140.7695
84.48;140.3914
84.50;140.4250
84.53;140.5874
84.56;140.6377
84.58;140.5095
84.61;140.6823
84.63;140.5350
84.66;140.7133
84.69;140.7444
84.71;140.6006
84.74;140.7116
84.78;140.8200
84.79;140.6380
84.82;140.7457
84.86;140.8320
84.88;140.6553
84.91;140.7622
84.94;140.8340
84.96;140.6554
84.98;140.7073
85.03;140.8778
85.05;140.6520
85.07;140.6653
85.09;140.7168
85.13;140.7484
85.18;140.8586
85.21;140.6954
85.24;140.6769
85.26;140.5221
85.27;140.4769
85.29;140.5370
85.33;140.6066
85.38;140.6882
85.41;140.5147
85.43;140.3550
85.44;140.3048
85.46;140.3580
85.50;140.4305
85.54;140.4543
85.58;140.2902
85.59;140.1207
85.60;140.0654
85.62;140.0816
85.64;140.0947
85.67;140.0816
85.71;140.1073
85.74;140.0000
85.79;140.0256
85.81;139.7188
85.83;139.6822
85.84;139.6642
85.88;139.7176
85.93;139.7322
85.96;139.5170
85.98;139.3355
85.99;139.2699
86.01;139.3018
86.04;139.3057
86.09;139.3052
86.13;139.0698
86.14;138.8866
86.15;138.8148
86.18;138.8369
86.21;138.8276
86.26;138.8162
86.29;138.5447
86.31;138.3673
86.32;138.2983
86.34;138.3069
86.38;138.2938
86.39;138.0792
86.43;138.1284
86.45;137.9326
86.47;137.8966
86.51;137.8277
86.54;137.6804
86.59;137.6163
86.63;137.3491
86.64;137.1446
86.66;137.0637
86.67;137.0312
86.69;136.9964
86.72;136.9140
86.76;136.8416
86.80;136.6678
86.84;136.5512
86.86;136.2361
86.87;136.1452
86.89;136.1344
86.91;136.0426
86.94;135.9956
86.98;135.9168
87.01;135.7609
87.06;135.6957
87.10;135.4338
87.11;135.2358
87.13;135.1422
87.14;135.1258
87.16;135.0582
87.19;135.0361
87.23;134.9680
87.26;134.8248
87.27;134.6115
87.31;134.6813
87.34;134.5324
87.40;134.5034
87.43;134.2551
87.44;134.0680
87.46;133.9948
87.48;133.9971
87.51;134.0009
87.57;134.0355
87.59;133.6537
87.61;133.5414
87.62;133.5146
87.64;133.5070
87.67;133.5011
87.71;133.5148
87.73;133.2354
87.75;133.2256
87.79;133.2817
87.81;133.0123
87.84;133.0292
87.88;133.0531
87.89;132.8141
87.92;132.8274
87.96;132.8386
87.99;132.7126
88.05;132.7441
88.08;132.5285
88.09;132.3642
88.11;132.3046
88.13;132.3315
88.15;132.2986
88.18;132.2980
88.21;132.2798
88.24;132.2117
88.30;132.2663
88.33;132.0681
88.36;132.0080
88.38;131.8536
88.39;131.8035
88.41;131.8152
88.43;131.8090
88.46;131.8212
88.49;131.8191
88.53;131.7628
88.58;131.8236
88.61;131.6342
88.64;131.5854
88.66;131.4292
88.67;131.3528
88.69;131.3830
88.71;131.3538
88.74;131.3632
88.78;131.3575
88.81;131.2740
88.86;131.2975
88.89;131.0919
88.91;130.9139
88.92;130.8550
88.94;130.8802
88.98;130.8973
89.03;130.9049
89.06;130.6852
89.09;130.5704
89.11;130.3992
89.12;130.3271
89.14;130.3539
89.18;130.3493
89.23;130.3284
89.26;130.0887
89.28;129.9079
89.29;129.8143
89.31;129.8238
89.34;129.8183
89.39;129.7843
89.43;129.5291
89.44;129.3329
89.46;129.2772
89.48;129.2056
89.50;129.1753
89.53;129.1346
89.56;129.0458
89.59;128.9047
89.64;128.8432
89.68;128.5680
89.69;128.3642
89.70;128.2729
89.73;128.2756
89.76;128.2199
89.81;128.1380
89.84;127.8474
89.88;127.6967
89.90;127.4883
89.91;127.3862
89.93;127.3591
89.96;127.3139
90.01;127.2046
90.04;126.9014
90.06;126.6885
90.07;126.5739
90.09;126.5483
90.11;126.4514
90.14;126.3606
90.18;126.2152
90.21;126.0448
90.26;125.9156
90.29;125.5676
90.33;125.4049
90.34;125.1732
90.36;125.0761
90.38;125.0119
90.41;124.9361
90.46;124.7708
90.49;124.4394
90.51;124.2002
90.52;124.0955
90.54;124.0505
90.58;123.9390
90.63;123.7538
90.66;123.4102
90.68;123.1656
90.69;123.0553
90.71;123.0086
90.74;122.8793
90.79;122.6800
90.83;122.3153
90.84;122.0717
90.85;121.9565
90.88;121.8988
90.90;121.7397
90.93;121.6049
90.96;121.3459
90.99;121.1434
91.04;120.8920
91.08;120.4893
91.09;120.2259
91.10;120.0995
91.13;120.0053
91.16;119.8363
91.21;119.5694
91.24;119.1635
91.26;118.8960
91.27;118.7733
91.29;118.6882
91.33;118.5096
91.38;118.2434
91.41;117.8370
91.43;117.5682
91.44;117.4423
91.46;117.3615
91.48;117.1831
91.51;117.0045
91.55;116.7811
91.58;116.4867
91.63;116.2515
91.66;115.8462
91.69;115.5637
91.71;115.3158
91.72;115.1883
91.74;115.0793
91.76;114.9289
91.79;114.7710
91.83;114.5497
91.86;114.2630
91.91;113.9914
91.94;113.5900
91.96;113.3246
91.97;113.1990
91.99;113.0844
92.03;112.9396
92.08;112.6693
92.11;112.2655
92.15;112.0001
92.17;111.6973
92.19;111.5542
92.21;111.3439
92.24;111.1278
92.28;110.9502
92.33;110.6858
92.34;110.2810
92.35;110.1978
92.38;110.1114
92.41;109.8780
92.44;109.6547
92.48;109.3521
92.49;109.0898
92.53;108.9989
92.55;108.6825
92.57;108.5340
92.61;108.3350
92.64;108.0349
92.69;107.7648
92.73;107.3635
92.74;107.0934
92.76;106.9657
92.78;106.8341
92.79;106.7119
92.82;106.5746
92.86;106.3482
92.90;106.0421
92.94;105.7340
92.98;105.3715
92.99;105.1021
93.02;104.9798
93.04;104.7216
93.07;104.5911
93.11;104.3365
93.14;104.0579
93.19;103.7788
93.21;103.3842
93.23;103.2594
93.24;103.1188
93.26;102.9960
93.29;102.8434
93.33;102.6216
93.36;102.3331
93.41;102.0634
93.44;101.6634
93.46;101.3922
93.47;101.2681
93.48;101.1825
93.51;101.0851
93.54;100.8624
93.58;100.6425
93.61;100.3426
93.66;100.0737
93.69;99.6763
93.71;99.4083
93.72;99.2838
93.73;99.1869
93.76;99.1057
93.79;98.8856
93.83;98.6650
93.86;98.3586
93.91;98.0865
93.95;97.6870
93.96;97.4181
93.97;97.2982
93.98;97.2107
94.01;97.1042
94.04;96.9023
94.08;96.6814
94.09;96.3726
94.12;96.2404
94.16;96.0337
94.18;95.7073
94.20;95.5800
94.24;95.3675
94.26;95.0437
94.29;94.9162
94.33;94.7142
94.34;94.3825
94.37;94.2421
94.41;94.0620
94.43;93.7220
94.46;93.5934
94.49;93.3286
94.51;93.0600
94.53;92.9224
94.58;92.7448
94.59;92.3987
94.62;92.2702
94.66;92.0812
94.67;91.7354
94.70;91.6427
94.74;91.4199
94.76;91.0737
94.78;90.9427
94.83;90.7495
94.84;90.4163
94.87;90.2833
94.91;90.0958
94.93;89.7525
94.95;89.6251
94.99;89.4369
95.01;89.0898
95.03;88.9638
95.08;88.7785
95.09;88.4273
95.12;88.2991
95.16;88.1206
95.18;87.7672
95.20;87.6392
95.24;87.4569
95.26;87.1035
95.28;86.9832
95.33;86.7909
95.34;86.4479
95.37;86.3154
95.41;86.1418
95.43;85.7869
95.45;85.6598
95.49;85.4837
95.51;85.1233
95.53;84.9879
95.58;84.8107
95.60;84.4689
95.62;84.3264
95.66;84.1540
95.68;83.9390
95.70;83.7909
95.74;83.6201
95.76;83.2740
95.78;83.1450
95.83;82.9516
95.84;82.6055
95.87;82.4803
95.91;82.2836
95.93;81.9441
95.95;81.8130
95.99;81.6171
96.01;81.2753
96.04;81.1450
96.08;80.9407
96.10;80.6116
96.12;80.4665
96.16;80.2761
96.18;79.9449
96.20;79.8129
96.24;79.6065
96.26;79.2763
96.29;79.1365
96.33;78.9459
96.34;78.6084
96.37;78.4832
96.41;78.2773
96.43;77.9411
96.45;77.8159
96.49;77.6139
96.51;77.2754
96.54;77.1408
96.58;76.9456
96.59;76.6135
96.62;76.4820
96.66;76.2870
96.68;75.9459
96.70;75.7998
96.74;75.6208
96.76;75.2787
96.78;75.1515
96.83;74.9602
96.84;74.6129
96.91;74.4852
96.93;73.9407
96.96;73.8127
96.99;73.5473
97.01;73.2799
97.03;73.1395
97.04;73.0303
97.06;72.8905
97.09;72.7448
97.13;72.5207
97.16;72.2232
97.21;71.9409
97.25;71.5445
97.26;71.2742
97.27;71.1517
97.29;71.0638
97.31;70.9007
97.34;70.7557
97.38;70.5371
97.39;70.2221
97.42;70.0911
97.47;69.8787
97.48;69.4801
97.54;69.3978
97.56;68.8834
97.58;68.7544
97.59;68.6314
97.63;68.4935
97.68;68.2270
97.71;67.8194
97.73;67.5530
97.74;67.4245
97.76;67.3414
97.79;67.1605
97.84;66.8893
97.88;66.4867
97.89;66.2183
97.90;66.0901
97.93;66.0007
97.96;65.8272
98.01;65.5568
98.04;65.1546
98.06;64.8874
98.08;64.7435
98.09;64.6134
98.11;64.5003
98.14;64.3547
98.18;64.1357
98.21;63.8282
98.26;63.5533
98.30;63.1538
98.31;62.8829
98.32;62.7610
98.33;62.6722
98.36;62.5789
98.39;62.3776
98.43;62.1541
98.45;61.8277
98.47;61.6849
98.51;61.4886
98.53;61.1641
98.55;61.0186
98.60;60.8126
98.63;60.4481
98.68;60.2287
98.71;59.8275
98.73;59.5542
98.74;59.4328
98.75;59.3449
98.78;59.2501
98.80;59.0366
98.84;58.8154
98.88;58.5018
98.93;58.2276
98.96;57.8284
98.98;57.5552
98.99;57.4347
99.01;57.3452
99.02;57.2102
99.05;57.0547
99.09;56.8330
99.11;56.5018
99.14;56.3718
99.18;56.1674
99.19;55.8342
99.22;55.6933
99.26;55.5026
99.28;55.1696
99.30;55.0238
99.34;54.8438
99.36;54.5040
99.38;54.3765
99.43;54.1768
99.45;53.8385
99.47;53.6954
99.51;53.5177
99.53;53.1737
99.55;53.0302
99.59;52.8508
99.61;52.5066
99.63;52.3794
99.68;52.1912
99.69;51.8407
99.72;51.7137
99.76;51.5227
99.78;51.1748
99.80;51.0473
99.84;50.8542
99.86;50.5052
99.89;50.3800
99.93;50.1310
99.94;49.8516
99.97;49.7207
100.01;49.5402
100.03;49.1806
100.05;49.0528
100.09;48.8656
100.11;48.5140
100.13;48.3705
100.18;48.1970
100.19;47.8482
100.22;47.7207
100.26;47.5364
100.28;47.1819
100.30;47.0343
100.34;46.8720
100.36;46.5175
100.39;46.3913
100.41;46.1803
100.44;45.9894
100.49;45.7256
100.53;45.3194
100.56;45.0543
100.60;44.7829
100.61;44.5131
100.62;44.3937
100.64;44.3068
100.66;44.1895
100.69;43.9969
100.73;43.7747
100.76;43.4612
100.81;43.1907
100.85;42.7896
100.86;42.5205
100.87;42.3976
100.89;42.2885
100.93;42.1321
100.98;41.8650
101.01;41.4643
101.03;41.1929
101.04;41.0688
101.06;40.9798
101.08;40.8204
101.10;40.6689
101.14;40.4500
101.18;40.1393
101.23;39.8680
101.26;39.4687
101.28;39.1962
101.29;39.0524
101.31;38.9644
101.34;38.8141
101.39;38.5435
101.41;38.1420
101.44;37.9175
101.48;37.7497
101.53;37.4852
101.56;37.0764
101.59;36.8110
101.61;36.5423
101.62;36.4176
101.64;36.3084
101.66;36.1587
101.69;36.0117
101.74;35.7942
101.76;35.4009
101.81;35.2239
101.84;34.8252
101.86;34.5536
101.87;34.4094
101.89;34.3233
101.91;34.2110
101.94;34.0398
101.98;33.8195
102.01;33.5020
102.06;33.1976
102.08;32.8305
102.09;32.6839
102.11;32.6027
102.14;32.4461
102.19;32.1741
102.23;31.7744
102.25;31.5056
102.26;31.3613
102.28;31.2778
102.31;31.1189
102.36;30.8498
102.39;30.4471
102.41;30.1785
102.42;30.0568
102.44;29.9654
102.48;29.7901
102.53;29.5254
102.56;29.1201
102.58;28.8534
102.59;28.7316
102.61;28.6452
102.64;28.4692
102.69;28.2032
102.73;27.7982
102.76;27.5326
102.78;27.2633
102.79;27.1407
102.81;27.0461
102.83;26.9149
102.86;26.7376
102.90;26.5202
102.93;26.1403
102.98;25.9551
103.01;25.5552
103.03;25.2877
103.04;25.1600
103.06;25.0560
103.09;24.8992
103.14;24.6304
103.18;24.2309
103.19;23.9633
103.21;23.8384
103.23;23.7086
103.24;23.5821
103.27;23.4376
103.31;23.2220
103.34;22.9194
103.39;22.6477
103.41;22.2495
103.42;22.1036
103.44;22.0209
103.47;21.8638
103.49;21.6916
103.54;21.4730
103.56;21.1324
103.61;20.9430
103.64;20.5469
103.68;20.2825
103.69;20.0138
103.70;19.8902
103.71;19.8063
103.74;19.7256
103.77;19.5091
103.81;19.2938
103.83;18.9706
103.85;18.8423
103.89;18.6394
103.91;18.3118
103.94;18.1879
103.98;17.9783
104.01;17.6148
104.06;17.3946
104.10;16.9974
104.11;16.7012
104.14;16.6164
104.16;16.3554
104.19;16.1395
104.23;15.9701
104.28;15.7089
104.31;15.3113
104.35;15.0507
104.36;14.7822
104.37;14.6666
104.39;14.5816
104.41;14.4652
104.44;14.2897
104.48;14.0749
104.49;13.7605
104.52;13.6361
104.56;13.4174
104.58;13.1131
104.60;12.9766
104.64;12.7990
104.66;12.4717
104.68;12.3481
104.73;12.1622
104.74;11.8310
104.77;11.7073
104.81;11.5235
104.83;11.1953
104.85;11.0726
104.89;10.8961
104.91;10.5589
104.93;10.4414
104.98;10.2668
105.00;9.9316
105.02;9.8009
105.06;9.6474
105.08;9.3085
105.10;9.1731
105.15;9.0390
105.16;8.6898
105.18;8.5783
105.21;8.4239
105.24;8.2155
105.29;7.9704
105.33;7.6072
105.36;7.3712
105.38;7.1355
105.39;7.0239
105.41;6.9469
105.43;6.8302
105.46;6.6699
105.49;6.4798
105.53;6.2292
105.58;5.9663
105.61;5.6852
105.63;5.4610
105.64;5.3738
105.68;5.2321
105.71;5.0674
105.74;4.9058
105.78;4.6959
105.83;4.5162
105.86;4.2658
105.88;4.1134
105.89;4.0462
105.90;4.0005
105.93;3.9503
105.96;3.8495
105.99;3.7534
106.03;3.6451
106.08;3.5658
106.11;3.4842
106.13;3.4547
106.14;3.4481
106.16;3.4462
106.18;3.4490
106.21;3.4583
106.24;3.4838
106.28;3.5401
106.33;3.6126
106.36;3.7522
106.38;3.8683
106.39;3.9255
106.41;3.9673
106.43;4.0376
106.46;4.1355
106.49;4.2677
106.53;4.4478
106.58;4.6231
106.61;4.9013
106.64;5.0938
106.66;5.2949
106.67;5.3924
106.69;5.4763
106.71;5.5945
106.75;5.7301
106.78;5.9783
106.81;6.1341
106.88;6.3583
106.89;6.8265
106.91;6.9336
106.93;7.0135
106.96;7.1606
107.01;7.3946
107.04;7.7605
107.08;7.9995
107.11;8.2381
107.13;8.4846
107.14;8.6093
107.16;8.7077
107.19;8.8408
107.26;9.0883
107.28;9.5965
107.29;9.7120
107.31;9.8283
107.33;9.9545
107.37;10.1316
107.39;10.3888
107.43;10.5913
107.50;10.8406
107.53;11.3606
107.54;11.6170
107.56;11.7329
107.58;11.8203
107.61;11.9828
107.66;12.2384
107.69;12.6316
107.73;12.8855
107.76;13.1447
107.78;13.4064
107.79;13.5286
107.81;13.6139
107.84;13.7903
107.89;14.0549
107.93;14.4572
107.96;14.7239
107.99;14.9889
108.03;15.2521
108.04;15.5216
108.05;15.6450
108.08;15.7317
108.11;15.9147
108.16;16.1704
108.19;16.5783
108.23;16.8424
108.26;17.1062
108.30;17.3766
108.31;17.6439
108.32;17.7674
108.34;17.8628
108.38;18.0266
108.43;18.2932
108.46;18.7204
108.49;18.9799
108.53;19.2267
108.54;19.4963
108.56;19.6221
108.58;19.7633
108.60;19.8814
108.63;20.0671
108.68;20.3067
108.69;20.6918
108.73;20.8165
108.76;21.0877
108.79;21.3471
108.84;21.6179
108.88;22.0211
108.91;22.2853
108.93;22.5524
108.94;22.6790
108.96;22.7682
108.99;22.9418
109.04;23.2097
109.08;23.6143
109.12;23.8812
109.14;24.2284
109.18;24.4045
109.21;24.6757
109.23;24.9465
109.24;25.0712
109.26;25.1588
109.28;25.3319
109.31;25.4923
109.34;25.7529
109.38;26.0022
109.45;26.3036
109.49;26.8241
109.50;27.1884
109.52;27.2810
109.53;27.3731
109.55;27.4833
109.59;27.6135
109.61;27.9983
109.64;28.1256
109.68;28.3573
109.71;28.6671
109.76;28.9451
109.81;29.3387
109.83;29.7383
109.84;29.8618
109.88;30.0603
109.91;30.2561
109.96;30.5195
109.99;30.9591
110.03;31.1950
110.06;31.4757
110.09;31.7282
110.11;31.9990
110.12;32.1243
110.14;32.2110
110.18;32.3878
110.23;32.6549
110.26;33.0623
110.29;33.3280
110.33;33.5930
110.36;33.8628
110.38;34.1306
110.40;34.3054
110.41;34.4102
110.43;34.5175
110.46;34.6879
110.49;34.9353
110.53;35.1829
110.60;35.4534
110.61;35.9960
110.64;36.1200
110.65;36.3317
110.68;36.4168
110.75;36.6487
110.76;37.2054
110.79;37.3205
110.83;37.5906
110.88;37.8642
110.89;38.2536
110.91;38.3439
110.92;38.5151
110.93;38.6017
110.98;38.7077
111.01;39.0448
111.06;39.3212
111.10;39.7206
111.13;39.9898
111.15;40.2567
111.20;40.4019
111.22;40.8500
111.23;40.9894
111.25;41.0805
111.26;41.1975
111.29;41.3375
111.33;41.5598
111.36;41.8639
111.41;42.1053
111.45;42.5221
111.48;42.8103
111.51;43.0438
111.54;43.3105
111.56;43.5818
111.57;43.7126
111.59;43.7974
111.64;43.9720
111.68;44.3255
