0.00;25.4909
0.02;25.6454
0.12;25.8000
0.22;26.5708
0.32;27.3432
0.35;28.1200
0.45;28.3634
0.49;29.1417
0.51;29.4174
0.54;29.5677
0.57;29.8242
0.60;30.0375
0.63;30.2694
0.66;30.4902
0.69;30.7123
0.72;30.9658
0.75;31.1686
0.77;31.3801
0.81;31.5933
0.83;31.8174
0.86;32.0236
0.89;32.2263
0.92;32.4365
0.95;32.6486
0.98;32.8417
1.01;33.0565
1.04;33.2547
1.06;33.4568
1.09;33.6569
1.12;33.8477
1.15;34.0322
1.18;34.2441
1.21;34.4202
1.24;34.6186
1.26;34.8116
1.29;34.9863
1.32;35.1822
1.35;35.3702
1.38;35.5473
1.41;35.7340
1.43;35.9166
1.46;36.0906
1.49;36.2731
1.52;36.4763
1.55;36.6355
1.58;36.8118
1.61;37.0005
1.64;37.1636
1.66;37.3333
1.69;37.5068
1.72;37.6812
1.75;37.8509
1.78;38.0159
1.81;38.1911
1.84;38.3500
1.87;38.5194
1.89;38.6813
1.92;38.8329
1.95;38.9954
1.98;39.1558
2.01;39.3180
2.04;39.4646
2.07;39.6330
2.10;39.7841
2.13;39.9413
2.15;40.0853
2.19;40.2178
2.21;40.4380
2.24;40.5326
2.27;40.6754
2.30;40.8119
2.33;40.9707
2.36;41.1059
2.38;41.2420
2.42;41.3698
2.44;41.5565
2.47;41.6534
2.50;41.7877
2.53;41.9236
2.55;42.0547
2.58;42.1856
2.61;42.3197
2.64;42.4410
2.67;42.5696
2.70;42.6162
2.73;42.7336
2.75;42.8536
2.78;42.9724
2.81;43.0900
2.84;43.1939
2.87;43.3142
2.90;43.4266
2.92;43.5378
2.95;43.6403
2.99;43.7334
3.05;43.7438
3.06;44.1664
3.08;44.2217
3.10;44.2569
3.17;44.0951
3.18;44.5829
3.25;44.4135
3.29;44.7892
3.30;44.9885
3.32;45.0326
3.33;45.0775
3.35;45.1364
3.38;45.1425
3.42;45.2181
3.45;45.3236
3.50;45.3502
3.53;45.5754
3.55;45.7746
3.56;45.8212
3.58;45.8157
3.62;45.8197
3.67;45.8307
3.70;46.0552
3.73;46.1451
3.75;46.3266
3.77;46.3494
3.78;46.4276
3.82;46.3540
3.87;46.3551
3.90;46.5688
3.92;46.7478
3.94;46.7693
3.95;46.8373
3.97;46.8432
4.00;46.8048
4.03;46.8981
4.07;46.9492
4.12;46.9297
4.13;47.2272
4.15;47.2583
4.17;47.3154
4.19;47.3144
4.21;47.3075
4.25;47.2665
4.28;47.4165
4.33;47.3544
4.35;47.6478
4.38;47.5675
4.42;47.6263
4.43;47.7978
4.47;47.7059
4.50;47.7582
4.52;47.9243
4.53;47.9605
4.55;47.9403
4.57;47.9837
4.59;47.9498
4.63;47.9084
4.67;47.9937
4.72;47.9322
4.75;48.0965
4.77;48.2661
4.78;48.2904
4.80;48.2675
4.82;48.3102
4.84;48.2507
4.88;48.1915
4.90;48.4027
4.93;48.3336
4.97;48.2674
5.00;48.3496
5.05;48.2572
5.07;48.5428
5.08;48.5664
5.10;48.5393
5.13;48.4432
5.18;48.3434
5.22;48.4942
5.24;48.6191
5.25;48.6643
5.27;48.6553
5.29;48.6202
5.31;48.5920
5.35;48.5361
5.38;48.5540
5.43;48.4368
5.45;48.7332
5.47;48.6949
5.48;48.7357
5.51;48.6301
5.56;48.4599
5.57;48.7126
5.63;48.3710
5.65;48.6898
5.67;48.7331
5.68;48.7252
5.70;48.6783
5.73;48.6123
5.77;48.5353
5.80;48.5402
5.85;48.3934
5.88;48.5103
5.90;48.6592
5.92;48.6137
5.93;48.6447
5.96;48.5235
6.01;48.3047
6.02;48.6025
6.08;48.1507
6.10;48.5216
6.12;48.4850
6.13;48.5049
6.17;48.3197
6.22;48.1478
6.25;48.2437
6.28;48.2059
6.30;48.3425
6.33;48.1620
6.37;48.1168
6.40;48.0790
6.42;48.1685
6.43;48.2073
6.45;48.1552
6.47;48.1370
6.49;48.0047
6.53;47.8709
6.57;47.8593
6.62;47.6498
6.65;47.7395
6.67;47.8456
6.69;47.8000
6.70;47.8164
6.72;47.7265
6.75;47.6245
6.78;47.5033
6.82;47.4209
6.87;47.2603
6.90;47.3011
6.93;47.2336
6.95;47.3478
6.96;47.3366
6.98;47.2439
7.00;47.2109
7.03;47.0816
7.07;46.9503
7.10;46.8521
7.15;46.6636
7.18;46.6926
7.20;46.8065
7.21;46.7877
7.23;46.6862
7.25;46.6833
7.28;46.5219
7.32;46.3183
7.34;46.4393
7.36;46.3665
7.40;46.0773
7.42;46.2590
7.44;46.1389
7.48;45.8295
7.50;46.0347
7.52;45.9287
7.55;45.7718
7.58;45.6467
7.63;45.3612
7.67;45.3904
7.70;45.2920
7.72;45.3965
7.73;45.3605
7.75;45.2534
7.76;45.2479
7.79;45.0589
7.83;44.8083
7.85;44.9420
7.87;44.8364
7.92;44.5111
7.93;44.6786
8.00;44.0252
8.02;44.3916
8.03;44.3532
8.05;44.2534
8.07;44.2106
8.09;44.0214
8.13;43.7702
8.17;43.6866
8.22;43.3794
8.23;43.5846
8.25;43.4902
8.27;43.4837
8.29;43.3444
8.32;43.1721
8.35;43.0025
8.39;42.8515
8.41;42.9043
8.45;42.5544
8.47;42.7313
8.49;42.5340
8.53;42.3037
8.55;42.3976
8.58;42.2117
8.62;42.0451
8.65;41.9270
8.70;41.5964
8.73;41.6127
8.77;41.4728
8.80;41.3566
8.83;41.2116
8.87;41.0723
8.88;41.1418
8.90;41.1129
8.92;40.9962
8.94;40.8409
8.97;40.6668
9.02;40.3529
9.03;40.5270
9.10;39.7999
9.14;39.9358
9.17;39.7915
9.20;39.6282
9.22;39.7040
9.23;39.6588
9.25;39.5161
9.28;39.3592
9.31;39.1767
9.35;38.8457
9.37;39.0067
9.39;38.7674
9.43;38.5017
9.47;38.3792
9.52;37.9940
9.55;37.9795
9.58;37.8177
9.62;37.6511
9.64;37.6726
9.65;37.6550
9.67;37.5410
9.69;37.3300
9.72;37.1679
9.77;36.8415
9.79;36.9376
9.81;36.7321
9.85;36.4954
9.87;36.4644
9.91;36.2726
9.95;35.9193
9.97;36.0842
10.00;35.8411
10.03;35.5715
10.07;35.4484
10.12;35.0647
10.15;35.0359
10.18;34.8784
10.22;34.7110
10.25;34.5491
10.28;34.3789
10.32;34.2135
10.33;34.2838
10.35;34.1809
10.37;34.1253
10.40;33.8415
10.43;33.6151
10.47;33.4763
10.54;32.8593
10.57;32.9813
10.60;32.8167
10.63;32.6485
10.67;32.4784
10.70;32.3143
10.75;31.9170
10.77;32.1485
10.79;32.0034
10.80;31.9840
10.82;31.8771
10.85;31.6324
10.88;31.4642
10.92;31.1927
10.95;31.0377
11.02;30.4927
11.03;30.8088
11.07;30.5010
11.10;30.3364
11.13;30.1712
11.17;30.0032
11.20;29.8346
11.22;29.8974
11.23;29.8471
11.25;29.7069
11.28;29.4877
11.31;29.3264
11.35;29.0250
11.38;28.9280
11.43;28.5384
11.47;28.5146
11.48;28.5836
11.50;28.4856
11.52;28.3483
11.55;28.1278
11.59;27.8134
11.62;27.8576
11.68;27.1664
11.72;27.2712
11.74;27.2907
11.77;27.0717
11.80;26.8626
11.82;26.9522
11.83;26.8318
11.85;26.7045
11.89;26.4761
11.93;26.1081
11.95;26.2894
11.98;26.0382
12.02;25.7977
12.05;25.6743
12.12;25.0696
12.15;25.1026
12.18;24.9300
12.22;24.7089
12.28;24.2782
12.29;24.5231
12.32;24.2820
12.35;24.0459
12.38;23.8972
12.42;23.7021
12.46;23.3860
12.48;23.5709
12.50;23.4260
12.51;23.3890
12.53;23.2407
12.56;23.0490
12.59;22.8569
12.63;22.5703
12.67;22.4645
12.74;21.8361
12.75;22.1793
12.78;21.8632
12.80;21.9069
12.81;21.8597
12.85;21.5028
12.88;21.3586
12.95;20.7377
12.97;21.0745
13.00;20.7234
13.03;20.6252
13.07;20.4366
13.10;20.2674
13.13;20.0992
13.17;19.9311
13.18;19.9951
13.20;19.9384
13.22;19.8008
13.24;19.5990
13.28;19.4265
13.32;19.1336
13.35;19.0313
13.40;18.6501
13.43;18.6139
13.47;18.4446
13.50;18.2733
13.53;18.1160
13.57;17.9474
13.60;17.7715
13.62;17.8432
13.63;17.7858
13.65;17.6327
13.68;17.4232
13.71;17.2371
13.75;16.9649
13.78;16.8465
13.85;16.2373
13.87;16.5649
13.90;16.2654
13.92;16.3102
13.93;16.2638
13.97;15.9023
14.00;15.7735
14.07;15.1596
14.10;15.2650
14.13;15.1017
14.17;14.9316
14.18;14.9922
14.20;14.9375
14.22;14.7933
14.24;14.5841
14.28;14.4046
14.32;14.1386
14.35;14.0275
14.42;13.4239
14.43;13.7506
14.47;13.4081
14.48;13.5224
14.54;12.8665
14.56;13.1523
14.57;13.1019
14.60;12.8256
14.63;12.7020
14.69;12.1842
14.70;12.4361
14.75;11.9260
14.78;11.8879
14.82;11.7286
14.83;11.7852
14.85;11.6866
14.87;11.5650
14.90;11.3519
14.93;11.1458
14.97;10.9873
15.03;10.4002
15.07;10.4998
15.10;10.3409
15.12;10.3948
15.13;10.3455
15.15;10.2005
15.18;10.0288
15.21;9.8502
15.25;9.7292
15.32;9.3669
15.36;9.8579
15.38;10.1962
15.40;10.1276
15.42;10.2071
15.43;10.2709
15.47;9.9918
15.54;9.5401
15.58;10.0618
15.60;10.4182
15.62;10.3600
15.63;10.4714
15.64;10.4839
15.68;10.1926
15.77;9.5657
15.80;10.5091
15.82;10.6911
15.83;10.6720
15.85;10.7032
15.86;10.7801
15.90;10.5018
15.99;9.8392
16.02;10.8151
16.03;10.9860
16.05;10.9532
16.06;11.0501
16.08;11.0634
16.12;10.7791
16.19;10.3526
16.23;10.9404
16.25;11.3442
16.26;11.3388
16.28;11.4199
16.30;11.2826
16.33;11.2287
16.42;10.5323
16.46;11.4797
16.47;11.7659
16.48;11.7362
16.50;11.8136
16.52;11.7721
16.54;11.6827
16.63;11.0107
16.67;11.7243
16.69;12.1465
16.70;12.1813
16.71;12.2344
16.73;12.1586
16.76;12.0616
16.85;11.4511
16.89;12.1375
16.91;12.4046
16.92;12.4665
16.94;12.4307
16.95;12.5516
16.98;12.3723
17.06;11.7483
17.10;12.4696
17.12;12.8451
17.13;12.9318
17.15;12.9380
17.16;12.9763
17.20;12.7811
17.29;12.1467
17.33;12.9145
17.35;13.3218
17.36;13.4143
17.38;13.4195
17.39;13.4495
17.43;13.2378
17.51;12.6609
17.56;13.4123
17.57;13.8285
17.59;13.9116
17.60;13.9569
17.63;13.7345
17.73;13.0404
17.75;14.0557
17.77;14.2872
17.80;14.0990
17.82;14.3848
17.87;13.9724
17.92;13.9988
17.95;14.4732
17.97;14.7370
18.00;14.5409
18.02;14.7951
18.03;14.8837
18.07;14.6196
18.10;14.7258
18.18;14.1798
18.22;14.8530
18.24;15.3053
18.27;15.1367
18.28;15.4294
18.32;15.1956
18.41;14.5242
18.44;15.4560
18.46;15.7190
18.47;15.8239
18.49;15.8518
18.50;15.8639
18.54;15.6596
18.63;14.9807
18.68;15.8067
18.69;16.2736
18.71;16.2415
18.72;16.3739
18.75;16.2299
18.84;15.4505
18.88;16.3537
18.89;16.7026
18.92;16.6140
18.93;16.7648
18.95;16.8476
18.98;16.5795
19.07;15.9512
19.11;16.8612
19.12;17.2016
19.15;17.0952
19.17;17.2533
19.18;17.3441
19.22;17.0683
19.32;16.3364
19.33;17.6311
19.35;17.6963
19.36;17.6736
19.38;17.7038
19.41;17.6064
19.45;17.4720
19.51;17.3469
19.55;17.7338
19.57;18.1317
19.59;18.1904
19.60;18.2130
19.63;18.1853
19.66;18.1173
19.75;17.4981
19.78;18.5253
19.80;18.6580
19.81;18.8663
19.83;18.9030
19.84;18.9335
19.87;18.7375
19.96;18.2625
20.00;18.8548
20.01;19.3043
20.03;19.2881
20.05;19.4269
20.07;19.2509
20.11;19.2779
20.19;18.8592
20.22;19.5825
20.23;19.9189
20.26;19.8384
20.28;19.9814
20.29;20.0898
20.33;19.8139
20.40;19.4478
20.44;20.0934
20.45;20.4748
20.47;20.4478
20.48;20.5681
20.50;20.5202
20.53;20.3899
20.62;19.7786
20.66;20.5451
20.67;20.6943
20.69;20.5893
20.70;20.5761
20.72;20.3664
20.76;20.1293
20.85;19.2269
20.88;19.5943
20.89;19.6333
20.93;19.3374
20.94;19.3695
20.96;19.3573
20.97;19.2050
21.01;18.9238
21.03;18.8810
21.07;18.5468
21.11;18.4414
21.16;18.0640
21.19;18.0323
21.23;17.8707
21.26;17.7259
21.29;17.5457
21.31;17.6114
21.33;17.4900
21.35;17.4066
21.37;17.2649
21.40;17.0590
21.44;16.7510
21.48;16.6528
21.53;16.2769
21.56;16.2560
21.59;16.0886
21.63;15.9295
21.66;15.7609
21.69;15.5990
21.71;15.6732
21.72;15.6445
21.74;15.4602
21.77;15.1978
21.84;14.5869
21.88;14.7016
21.89;14.7705
21.90;14.7382
21.93;14.5593
21.96;14.2306
21.99;14.2610
22.03;13.9319
22.06;13.8147
22.13;13.2051
22.14;13.5530
22.18;13.2403
22.21;13.0817
22.24;12.9179
22.28;12.7566
22.31;12.5744
22.34;12.4297
22.36;12.4902
22.38;12.3783
22.39;12.3405
22.42;12.0284
22.49;11.4008
22.53;11.5369
22.56;11.3692
22.58;11.4285
22.59;11.3937
22.61;11.2422
22.63;11.0517
22.67;10.8693
22.71;10.5316
22.74;10.5007
22.79;10.0993
22.83;10.0692
22.86;9.9124
22.89;9.7505
22.93;9.4902
22.96;9.4920
22.99;9.2531
23.01;9.3304
23.02;9.3070
23.04;9.1190
23.07;8.9209
23.10;8.7400
23.15;8.3724
23.18;8.4430
23.24;7.7757
23.28;7.8995
23.32;7.6198
23.34;7.6942
23.38;7.4595
23.41;7.3272
23.43;7.3671
23.44;7.3849
23.46;7.2592
23.49;7.0651
23.52;6.9462
23.56;6.8043
23.59;6.7591
23.66;6.3568
23.69;6.6020
23.73;6.5723
23.76;6.5383
23.79;6.5450
23.83;6.5404
23.84;6.7026
23.86;6.6702
23.88;6.6810
23.91;6.6030
23.96;6.5610
23.99;6.7253
24.06;6.6125
24.08;7.0841
24.11;7.0451
24.14;7.1480
24.18;7.2719
24.21;7.4187
24.24;7.5600
24.28;7.7241
24.31;7.8936
24.33;8.1272
24.34;8.2038
24.37;8.2740
24.40;8.4472
24.44;8.6526
24.47;8.9282
24.50;9.1260
24.54;9.3806
24.57;9.6864
24.60;9.9014
24.65;10.1777
24.67;10.5028
24.71;10.7018
24.75;10.9839
24.78;11.3131
24.80;11.5424
24.84;11.7433
24.88;12.0764
24.90;12.3707
24.94;12.5287
24.97;12.8901
25.01;13.0545
25.05;13.3700
25.07;13.7597
25.10;13.8687
25.14;14.0747
25.18;14.4247
25.20;14.7232
25.25;14.8478
25.28;15.2391
25.30;15.4459
25.34;15.5641
25.38;15.9178
25.44;16.1260
25.48;16.6417
25.51;16.8718
25.53;17.1221
25.54;17.2443
25.56;17.3317
25.59;17.4480
25.62;17.6531
25.66;17.8715
25.70;18.1206
25.76;18.3475
25.79;18.7926
25.83;19.0057
25.86;19.2199
25.89;19.4277
25.93;19.6401
25.96;19.8472
25.99;20.0552
26.03;20.2586
26.06;20.4589
26.09;20.6584
26.13;20.8552
26.16;21.0514
26.19;21.2438
26.23;21.4377
26.26;21.6280
26.29;21.8104
26.33;22.0091
26.36;22.1826
26.39;22.3931
26.41;22.6031
26.43;22.6776
26.45;22.7549
26.48;22.7830
26.53;22.9293
26.55;23.2662
26.58;23.3096
26.63;23.4638
26.66;23.6981
26.73;23.7552
26.76;24.1830
26.79;24.3630
26.83;24.5063
26.86;24.6522
26.89;24.8172
26.93;24.9604
26.96;25.1067
26.99;25.2540
27.03;25.3987
27.06;25.5426
27.09;25.6838
27.13;25.8216
27.16;25.9601
27.19;26.0960
27.23;26.1983
27.26;26.4299
27.29;26.4828
27.33;26.6032
27.36;26.7967
27.39;26.8636
27.43;26.9876
27.46;27.1129
27.49;27.2306
27.53;27.3459
27.56;27.4630
27.59;27.5794
27.63;27.6862
27.67;27.7513
27.69;27.9892
27.73;28.0088
27.76;28.1132
27.79;28.2162
27.83;28.3160
27.86;28.4162
27.88;28.5934
27.89;28.6556
27.92;28.6526
27.95;28.6641
28.05;28.4102
28.07;29.1156
28.08;29.1876
28.09;29.2148
28.10;29.2462
28.14;29.1626
28.18;29.2022
28.22;29.3104
28.25;29.4268
28.32;29.2953
28.35;29.6410
28.38;29.7133
28.42;29.7787
28.45;29.8391
28.48;29.9000
28.52;29.9709
28.55;30.0224
28.60;29.9700
28.63;30.1673
28.67;30.2195
28.70;30.2681
28.73;30.3192
28.77;30.3621
28.80;30.4062
28.83;30.4511
28.87;30.4904
28.90;30.5326
28.94;30.5559
28.97;30.6263
29.00;30.6430
29.03;30.6717
29.07;30.7046
29.10;30.7382
29.13;30.7638
29.17;30.7942
29.20;30.8215
29.23;30.8507
29.28;30.8031
29.30;30.9722
29.32;31.0196
29.33;31.0693
29.36;30.9685
29.39;30.9459
29.43;30.9163
29.48;30.9077
29.55;30.6641
29.57;31.1578
29.58;31.1342
29.60;31.1361
29.63;31.0072
29.69;30.8630
29.72;31.0518
29.78;30.7256
29.82;31.0064
29.85;30.9941
29.88;30.9852
29.92;30.9752
29.95;30.9593
29.98;30.9464
30.02;30.9261
30.05;30.9042
30.08;30.8861
30.14;30.6369
30.17;30.9065
30.20;30.8060
30.23;30.7769
30.28;30.6500
30.30;30.8068
30.33;30.6812
30.37;30.6445
30.40;30.6113
30.43;30.5716
30.47;30.5321
30.50;30.4956
30.53;30.4510
30.58;30.2374
30.62;30.3357
30.65;30.2948
30.68;30.2413
30.72;30.1876
30.75;30.1268
30.78;30.0802
30.82;30.0235
30.85;29.9588
30.88;29.8988
30.92;29.8330
30.95;29.7644
31.00;29.5263
31.03;29.6009
31.07;29.5181
31.10;29.4189
31.13;29.3968
31.17;29.2999
31.20;29.2198
31.23;29.1413
31.27;29.0597
31.32;28.7851
31.35;28.8550
31.38;28.7590
31.42;28.6645
31.45;28.5655
31.48;28.4746
31.52;28.3725
31.55;28.2701
31.60;27.9805
31.63;28.0204
31.67;27.9010
31.70;27.8037
31.73;27.6919
31.77;27.5738
31.80;27.4678
31.85;27.1519
31.88;27.1771
31.92;27.0542
31.95;26.9217
31.98;26.8156
32.02;26.6815
32.05;26.5613
32.10;26.2237
32.13;26.2187
32.17;26.1037
32.20;25.9461
32.23;25.8425
32.28;25.4840
32.32;25.4858
32.35;25.3393
32.39;25.1641
32.42;25.0710
32.47;24.7032
32.50;24.6830
32.53;24.5345
32.57;24.3842
32.62;24.0239
32.65;24.0075
32.68;23.8567
32.70;23.9472
32.72;23.8246
32.75;23.5664
32.79;23.3732
32.83;23.0879
32.87;23.0626
32.95;22.3165
32.97;22.8034
32.99;22.7146
33.03;22.3310
33.08;22.0953
33.17;21.5261
